plant_growth_id,species,growth_stage,height_cm,diameter_cm,leaf_area_index,PlantYield
2139,Birch,Seedling,277.040000,6.560000,4.790000,1
1697,Birch,Seedling,43.270000,26.070000,0.140000,1
1243,Pine,Flowering,44.180000,5.660000,3.930000,0
1498,Oak,Flowering,154.920000,18.660000,1.330000,0
1187,Birch,Vegetative,113.760000,8.570000,2.120000,1
716,Birch,Flowering,237.170000,13.040000,7.760000,1
2889,Oak,Vegetative,106.390000,12.050000,3.720000,0
2885,Oak,Seedling,76.010000,7.050000,2.890000,0
2213,Birch,Vegetative,121.700000,24.710000,3.960000,1
2710,Pine,Vegetative,184.870000,22.440000,8.240000,0
1140,Pine,Flowering,23.150000,28.070000,5.210000,0
452,Maple,Vegetative,188.580000,17.890000,8.560000,0
111,Maple,Seedling,127.210000,21.440000,2.950000,0
1020,Pine,Vegetative,139.390000,13.250000,1.900000,0
1574,Maple,Seedling,134.210000,1.800000,1.220000,0
1719,Maple,Seedling,51.320000,5.010000,7.860000,0
1034,Maple,Seedling,212.130000,4.920000,4.340000,0
2055,Maple,Flowering,176.600000,13.300000,1.950000,0
1301,Maple,Flowering,214.250000,19.810000,3.320000,0
2624,Oak,Vegetative,202.680000,13.790000,3.120000,0
2804,Oak,Flowering,78.740000,7.930000,2.460000,0
2967,Pine,Seedling,104.420000,17.870000,9.370000,0
1645,Oak,Flowering,62.770000,5.500000,0.650000,0
564,Birch,Seedling,143.570000,3.510000,3.380000,1
2258,Maple,Seedling,225.090000,28.050000,8.450000,0
255,Birch,Vegetative,273.510000,9.670000,8.290000,1
573,Birch,Flowering,132.490000,0.600000,1.240000,1
806,Maple,Seedling,213.210000,17.970000,9.200000,0
619,Pine,Flowering,177.460000,21.710000,9.040000,0
2891,Pine,Flowering,287.100000,22.280000,0.450000,0
2183,Pine,Vegetative,115.670000,4.190000,4.180000,0
2290,Pine,Flowering,23.790000,24.360000,6.140000,0
2810,Pine,Flowering,236.650000,9.980000,6.740000,0
861,Pine,Seedling,213.280000,10.120000,0.780000,0
1356,Maple,Flowering,247.030000,19.990000,8.520000,0
2212,Birch,Seedling,205.130000,20.040000,3.620000,1
506,Pine,Seedling,22.000000,8.150000,2.020000,0
2932,Pine,Vegetative,48.670000,24.930000,1.150000,0
2617,Birch,Seedling,259.930000,1.450000,5.200000,0
284,Pine,Vegetative,58.600000,16.310000,9.970000,0
1267,Pine,Flowering,288.190000,0.570000,4.850000,0
1679,Pine,Seedling,38.610000,21.220000,5.920000,0
336,Birch,Vegetative,203.320000,24.820000,0.590000,1
2078,Maple,Vegetative,133.510000,20.990000,5.190000,0
1942,Birch,Flowering,98.960000,29.600000,9.680000,0
2623,Oak,Vegetative,61.900000,14.120000,5.480000,0
2458,Birch,Seedling,78.760000,7.590000,7.700000,1
581,Birch,Vegetative,242.170000,27.800000,2.640000,1
2796,Pine,Flowering,120.640000,9.070000,2.880000,0
1674,Pine,Seedling,216.100000,10.450000,1.780000,0
2073,Pine,Flowering,88.100000,18.920000,4.730000,0
1378,Oak,Seedling,282.020000,25.540000,7.790000,0
74,Pine,Flowering,211.270000,2.340000,6.190000,0
1773,Pine,Seedling,207.240000,18.710000,5.970000,0
1525,Maple,Vegetative,208.820000,20.010000,8.980000,0
2342,Birch,Vegetative,136.740000,29.470000,7.920000,1
212,Oak,Flowering,273.350000,9.210000,4.570000,0
1453,Oak,Flowering,236.170000,3.470000,3.310000,0
207,Oak,Seedling,240.980000,24.060000,6.400000,0
1955,Oak,Flowering,284.410000,18.300000,7.950000,0
1536,Maple,Vegetative,179.300000,11.240000,7.930000,0
2376,Pine,Vegetative,265.380000,1.240000,5.710000,0
22,Maple,Seedling,34.160000,26.570000,0.260000,0
1661,Maple,Vegetative,242.350000,6.970000,1.770000,0
979,Oak,Seedling,279.960000,8.300000,2.620000,0
480,Oak,Vegetative,248.690000,22.790000,8.810000,0
2281,Pine,Vegetative,242.450000,8.500000,6.600000,0
876,Pine,Seedling,162.580000,29.260000,6.230000,0
1019,Oak,Vegetative,107.780000,26.910000,6.880000,0
2159,Maple,Vegetative,275.850000,22.650000,4.280000,0
1474,Oak,Seedling,98.120000,26.860000,0.600000,0
239,Oak,Seedling,211.100000,26.110000,9.880000,0
1095,Oak,Flowering,263.330000,10.870000,3.030000,0
264,Oak,Seedling,65.410000,2.250000,9.460000,0
1129,Birch,Seedling,46.450000,28.570000,9.160000,1
790,Maple,Seedling,148.450000,27.690000,7.220000,0
2474,Pine,Vegetative,263.430000,7.490000,8.900000,0
2276,Maple,Seedling,27.180000,29.000000,6.110000,0
2184,Pine,Flowering,260.890000,20.210000,5.430000,0
2268,Pine,Seedling,62.300000,24.910000,9.990000,0
531,Maple,Vegetative,103.130000,16.230000,7.960000,0
1025,Oak,Flowering,284.940000,17.280000,9.530000,0
2698,Birch,Seedling,171.560000,18.390000,6.910000,1
1260,Oak,Vegetative,74.490000,4.770000,3.630000,0
1425,Oak,Flowering,183.970000,8.080000,6.470000,0
1307,Maple,Seedling,48.770000,3.980000,9.730000,0
700,Maple,Flowering,149.570000,12.720000,8.310000,0
1361,Pine,Vegetative,22.980000,28.880000,7.760000,0
386,Pine,Flowering,216.010000,22.390000,9.330000,0
2355,Oak,Flowering,24.520000,3.830000,1.890000,0
2369,Birch,Flowering,233.690000,19.080000,5.620000,1
1117,Oak,Seedling,170.990000,27.450000,7.150000,0
1373,Birch,Vegetative,139.400000,5.890000,1.190000,1
40,Pine,Vegetative,57.480000,9.610000,9.670000,0
208,Maple,Vegetative,148.210000,15.660000,3.940000,0
1426,Birch,Flowering,219.320000,20.910000,1.580000,1
79,Maple,Vegetative,297.160000,6.360000,3.760000,0
1914,Pine,Vegetative,120.050000,8.060000,5.240000,0
2909,Pine,Seedling,96.050000,11.280000,5.690000,0
1941,Maple,Vegetative,20.350000,14.410000,6.880000,0
2594,Oak,Flowering,278.620000,9.600000,1.960000,0
222,Oak,Seedling,11.940000,11.450000,7.180000,0
813,Oak,Flowering,239.320000,11.180000,8.280000,0
1269,Birch,Seedling,172.640000,21.030000,2.920000,0
1058,Oak,Seedling,42.820000,6.930000,4.440000,0
308,Birch,Vegetative,78.450000,8.790000,4.540000,1
1987,Oak,Vegetative,42.010000,24.840000,5.320000,0
85,Pine,Flowering,161.950000,25.840000,3.420000,0
2544,Birch,Flowering,115.370000,10.890000,2.480000,1
2311,Birch,Vegetative,264.510000,26.530000,6.720000,1
2152,Maple,Flowering,260.050000,19.100000,7.940000,0
2968,Maple,Seedling,139.050000,10.210000,7.000000,0
567,Birch,Seedling,46.520000,26.050000,3.470000,0
1651,Maple,Flowering,49.350000,0.700000,3.920000,0
2894,Oak,Vegetative,115.150000,6.010000,8.610000,0
2418,Maple,Flowering,167.050000,16.700000,9.170000,0
1604,Pine,Vegetative,205.550000,23.170000,1.780000,0
751,Birch,Vegetative,188.000000,6.720000,3.470000,0
802,Maple,Flowering,77.330000,24.130000,6.460000,0
1030,Birch,Seedling,279.850000,14.690000,9.120000,1
618,Birch,Seedling,92.960000,5.310000,7.760000,1
2771,Oak,Vegetative,34.110000,17.530000,7.780000,0
453,Oak,Vegetative,193.730000,17.030000,7.750000,0
870,Pine,Seedling,43.850000,4.190000,2.480000,0
206,Pine,Flowering,146.960000,25.280000,6.840000,0
2200,Birch,Flowering,222.400000,10.930000,1.200000,1
1250,Pine,Vegetative,142.340000,15.550000,5.160000,0
1293,Birch,Vegetative,149.990000,13.470000,8.960000,0
1295,Pine,Seedling,260.400000,14.640000,8.950000,0
203,Oak,Vegetative,110.810000,1.400000,8.440000,0
662,Birch,Vegetative,68.080000,11.550000,4.450000,0
1717,Oak,Seedling,172.710000,9.880000,6.240000,0
381,Oak,Vegetative,158.440000,20.620000,6.140000,0
2832,Oak,Vegetative,232.580000,3.570000,6.530000,0
1278,Birch,Seedling,207.000000,26.030000,4.560000,1
1027,Birch,Vegetative,101.010000,1.470000,5.450000,0
2693,Pine,Seedling,75.230000,19.730000,1.350000,0
1654,Pine,Seedling,69.000000,21.470000,8.990000,0
1968,Pine,Seedling,88.230000,10.270000,8.760000,0
2895,Oak,Vegetative,77.860000,19.600000,7.000000,0
2221,Oak,Flowering,199.540000,7.740000,0.110000,0
349,Maple,Seedling,36.800000,18.050000,6.950000,0
2225,Pine,Vegetative,47.450000,5.100000,0.340000,0
2608,Pine,Seedling,31.630000,29.560000,7.330000,0
991,Oak,Flowering,13.020000,2.720000,5.460000,0
922,Oak,Seedling,121.860000,23.000000,1.310000,0
2181,Oak,Seedling,121.160000,23.260000,8.480000,0
1087,Pine,Flowering,41.200000,22.730000,2.940000,0
2360,Birch,Seedling,277.460000,28.790000,2.150000,1
670,Birch,Vegetative,253.870000,23.970000,7.210000,1
1210,Birch,Vegetative,93.070000,15.140000,1.670000,0
202,Oak,Flowering,269.650000,17.790000,7.840000,0
1994,Oak,Vegetative,130.020000,9.190000,0.220000,0
2402,Oak,Seedling,159.480000,29.810000,3.190000,0
1609,Oak,Vegetative,165.110000,18.810000,7.220000,0
1993,Maple,Seedling,164.370000,11.000000,7.180000,0
912,Maple,Seedling,98.700000,26.290000,7.140000,0
2270,Birch,Seedling,19.310000,19.800000,7.650000,1
1671,Birch,Vegetative,158.450000,26.730000,8.430000,1
2113,Maple,Vegetative,111.420000,3.300000,1.560000,0
2568,Maple,Seedling,77.110000,5.130000,2.600000,0
1823,Birch,Seedling,56.080000,4.380000,0.720000,0
318,Maple,Vegetative,44.780000,10.740000,7.110000,0
1882,Oak,Seedling,243.020000,20.950000,3.100000,0
896,Maple,Seedling,58.040000,25.690000,3.120000,0
939,Pine,Flowering,42.600000,16.050000,3.000000,0
1979,Oak,Flowering,157.660000,25.300000,1.880000,0
1304,Pine,Seedling,22.780000,29.570000,3.690000,0
774,Pine,Vegetative,126.280000,27.090000,7.780000,0
1492,Maple,Vegetative,71.400000,12.620000,9.720000,0
2451,Pine,Vegetative,256.920000,8.050000,5.290000,0
117,Pine,Vegetative,93.430000,18.790000,7.740000,0
2368,Birch,Seedling,287.740000,17.860000,7.120000,1
2327,Oak,Seedling,36.710000,19.450000,2.580000,0
2128,Pine,Flowering,129.840000,19.750000,7.530000,0
1732,Birch,Seedling,242.080000,14.220000,0.170000,0
220,Birch,Seedling,209.650000,11.180000,9.770000,1
1347,Birch,Flowering,181.480000,13.890000,0.650000,1
2370,Maple,Vegetative,138.180000,27.390000,5.420000,0
693,Maple,Seedling,18.450000,19.880000,9.340000,0
2277,Pine,Vegetative,22.500000,9.050000,1.960000,0
947,Pine,Vegetative,218.500000,22.210000,0.310000,0
2511,Pine,Seedling,239.370000,14.650000,8.120000,0
1284,Maple,Vegetative,179.640000,16.610000,2.820000,0
1508,Oak,Vegetative,81.840000,23.060000,9.990000,0
706,Oak,Seedling,158.520000,2.410000,4.560000,0
865,Oak,Seedling,194.320000,20.660000,1.020000,0
2998,Birch,Vegetative,102.380000,29.330000,0.290000,1
1777,Birch,Flowering,45.120000,9.590000,4.820000,1
1457,Maple,Vegetative,202.720000,13.250000,3.530000,0
1840,Maple,Flowering,43.820000,28.040000,0.290000,0
2423,Oak,Flowering,145.030000,25.410000,3.520000,0
383,Maple,Flowering,232.970000,8.750000,7.400000,0
2125,Pine,Seedling,253.630000,15.400000,4.770000,0
433,Pine,Seedling,233.850000,14.890000,3.740000,0
2144,Maple,Seedling,94.940000,16.320000,2.630000,0
44,Birch,Flowering,150.770000,27.910000,2.770000,0
787,Pine,Seedling,124.830000,7.670000,4.240000,0
2359,Birch,Flowering,213.960000,18.520000,3.070000,1
2921,Maple,Flowering,296.430000,22.760000,7.260000,1
733,Oak,Flowering,209.690000,4.810000,1.070000,0
1841,Maple,Flowering,165.640000,20.420000,1.180000,0
1900,Maple,Flowering,261.030000,22.480000,1.760000,0
1826,Pine,Flowering,107.300000,23.840000,4.780000,0
2066,Oak,Flowering,93.340000,12.120000,6.880000,0
562,Birch,Seedling,105.550000,27.150000,0.790000,1
2197,Maple,Seedling,189.830000,3.310000,1.010000,0
2251,Birch,Vegetative,294.940000,29.240000,0.960000,1
1946,Pine,Seedling,40.310000,4.590000,5.660000,0
1855,Oak,Seedling,110.860000,7.290000,4.500000,0
50,Maple,Vegetative,239.600000,5.350000,7.530000,0
1206,Oak,Seedling,246.360000,1.950000,9.560000,0
1079,Pine,Flowering,245.470000,9.720000,3.100000,0
754,Pine,Seedling,290.530000,4.930000,1.030000,0
34,Maple,Vegetative,248.850000,22.480000,4.190000,0
1915,Pine,Flowering,149.060000,26.090000,5.050000,0
1382,Pine,Flowering,115.250000,10.160000,8.010000,0
2823,Oak,Seedling,199.910000,28.140000,6.330000,0
866,Oak,Vegetative,211.180000,16.090000,4.310000,0
213,Oak,Vegetative,143.220000,22.550000,0.800000,0
2928,Pine,Seedling,54.680000,13.930000,6.350000,0
404,Pine,Flowering,100.280000,18.040000,9.850000,0
2121,Birch,Flowering,71.540000,25.280000,1.480000,1
2733,Birch,Seedling,49.940000,22.390000,2.230000,0
63,Birch,Vegetative,179.940000,12.560000,2.360000,1
113,Maple,Vegetative,277.330000,21.790000,2.740000,0
463,Pine,Flowering,212.130000,20.030000,9.830000,0
1933,Birch,Seedling,87.980000,11.500000,5.780000,0
1235,Oak,Vegetative,153.780000,1.310000,3.580000,0
2508,Birch,Seedling,168.180000,8.190000,6.230000,1
836,Maple,Flowering,24.570000,25.080000,6.540000,0
405,Oak,Seedling,256.530000,22.290000,1.490000,0
108,Oak,Flowering,212.670000,13.460000,6.590000,0
1866,Maple,Seedling,194.720000,13.300000,9.640000,0
2198,Oak,Seedling,39.710000,23.470000,4.370000,0
910,Oak,Flowering,252.350000,5.810000,9.040000,0
2660,Maple,Vegetative,270.710000,8.990000,7.400000,0
123,Birch,Flowering,65.050000,20.740000,4.020000,0
1639,Oak,Vegetative,285.020000,29.900000,6.740000,0
503,Pine,Flowering,82.020000,1.950000,7.420000,0
1754,Pine,Vegetative,185.470000,15.630000,8.670000,0
2929,Maple,Flowering,299.630000,12.350000,4.990000,0
2209,Pine,Vegetative,207.400000,28.150000,4.210000,0
246,Pine,Flowering,37.540000,5.780000,6.730000,0
771,Pine,Vegetative,259.690000,27.110000,7.650000,0
2207,Birch,Vegetative,181.830000,5.700000,2.140000,1
1075,Maple,Vegetative,72.020000,13.680000,0.800000,0
1104,Maple,Flowering,130.570000,19.920000,1.590000,0
1462,Maple,Seedling,258.920000,11.820000,9.820000,0
1423,Birch,Flowering,61.110000,2.360000,8.300000,1
2228,Maple,Flowering,101.460000,27.500000,4.170000,0
2381,Maple,Seedling,37.090000,6.340000,9.590000,0
1707,Maple,Vegetative,37.800000,21.280000,1.390000,0
1662,Maple,Flowering,88.440000,4.670000,7.710000,0
31,Maple,Vegetative,159.550000,17.310000,9.880000,0
2154,Oak,Seedling,19.600000,17.150000,2.470000,0
1390,Maple,Flowering,89.030000,23.290000,9.030000,0
332,Oak,Flowering,31.450000,23.630000,1.110000,0
138,Oak,Flowering,284.350000,14.900000,9.520000,0
2566,Maple,Flowering,215.750000,8.880000,0.950000,0
1167,Pine,Seedling,150.110000,28.670000,8.500000,0
1333,Birch,Seedling,159.710000,29.090000,6.790000,0
1318,Oak,Seedling,275.300000,6.530000,0.390000,0
482,Oak,Seedling,214.480000,8.510000,5.210000,0
1370,Birch,Seedling,108.700000,5.640000,6.680000,0
522,Oak,Seedling,82.070000,3.270000,5.150000,0
2206,Oak,Flowering,210.940000,17.790000,3.020000,0
997,Pine,Vegetative,81.250000,12.150000,2.000000,0
2026,Pine,Vegetative,76.670000,24.140000,0.170000,0
1161,Birch,Flowering,176.810000,3.760000,1.090000,1
1813,Maple,Vegetative,14.760000,11.160000,6.170000,0
511,Maple,Flowering,184.600000,0.850000,5.290000,0
1045,Birch,Seedling,271.040000,10.450000,8.280000,0
1024,Pine,Seedling,198.780000,3.830000,3.680000,0
302,Maple,Vegetative,136.990000,25.340000,7.790000,0
1723,Oak,Vegetative,165.060000,18.290000,9.280000,0
1272,Maple,Seedling,10.820000,6.980000,4.370000,0
821,Oak,Seedling,107.450000,7.290000,1.940000,0
1978,Oak,Vegetative,233.730000,25.280000,5.940000,0
2997,Oak,Flowering,270.660000,4.380000,2.750000,0
526,Oak,Flowering,209.770000,19.850000,3.100000,0
2933,Maple,Flowering,298.130000,18.870000,2.270000,0
2068,Pine,Seedling,103.200000,17.750000,3.690000,0
2344,Birch,Vegetative,251.490000,11.260000,1.970000,0
622,Maple,Flowering,155.050000,14.240000,1.260000,0
1204,Oak,Vegetative,244.400000,21.500000,5.460000,0
341,Pine,Flowering,52.390000,9.960000,7.400000,0
1786,Oak,Seedling,101.980000,12.690000,5.030000,0
1793,Oak,Vegetative,211.670000,23.560000,5.820000,0
2163,Maple,Flowering,36.940000,14.880000,6.330000,0
1592,Maple,Flowering,289.780000,26.830000,7.520000,0
2805,Pine,Flowering,96.880000,19.010000,5.130000,0
2476,Pine,Flowering,239.290000,28.760000,9.500000,0
632,Birch,Flowering,265.510000,4.380000,7.410000,1
2291,Maple,Vegetative,201.170000,27.370000,7.120000,0
585,Maple,Seedling,173.490000,22.400000,1.680000,0
674,Maple,Flowering,255.630000,9.640000,7.180000,0
2403,Birch,Seedling,23.270000,9.600000,2.340000,1
2191,Maple,Flowering,52.400000,10.720000,6.290000,0
1299,Oak,Seedling,72.090000,23.590000,2.530000,0
2021,Birch,Seedling,130.090000,29.930000,7.180000,1
1154,Maple,Seedling,252.810000,17.000000,0.910000,0
1668,Birch,Vegetative,114.370000,2.610000,0.400000,1
270,Birch,Vegetative,154.290000,2.470000,9.740000,1
2527,Birch,Flowering,23.350000,19.050000,4.860000,1
968,Birch,Vegetative,260.630000,12.330000,8.690000,1
691,Oak,Vegetative,193.340000,18.770000,5.390000,0
2972,Birch,Flowering,13.440000,7.940000,2.550000,1
966,Oak,Flowering,113.880000,17.750000,6.210000,0
1750,Pine,Seedling,167.520000,17.190000,3.480000,0
2242,Oak,Seedling,62.400000,24.980000,9.660000,0
2738,Maple,Vegetative,85.520000,22.880000,0.530000,0
2214,Birch,Flowering,41.150000,27.380000,7.080000,1
1816,Maple,Seedling,249.880000,5.040000,4.520000,0
2056,Maple,Seedling,184.790000,16.350000,8.610000,0
527,Birch,Seedling,153.000000,1.490000,2.120000,1
1183,Maple,Vegetative,62.760000,11.510000,5.510000,0
994,Maple,Flowering,171.680000,20.930000,4.350000,0
2031,Maple,Flowering,242.140000,10.620000,6.190000,0
2865,Maple,Seedling,130.680000,24.460000,9.770000,0
2058,Oak,Flowering,151.940000,13.870000,8.860000,0
783,Maple,Flowering,277.210000,3.960000,2.140000,0
1526,Maple,Vegetative,293.070000,20.980000,9.820000,0
29,Maple,Seedling,141.580000,14.890000,6.440000,0
2603,Oak,Flowering,100.540000,26.810000,8.560000,0
502,Oak,Seedling,282.150000,5.950000,6.000000,0
2908,Pine,Flowering,236.840000,28.150000,9.680000,0
2019,Birch,Seedling,284.430000,18.590000,0.760000,1
315,Maple,Seedling,183.790000,23.440000,6.160000,0
1764,Birch,Flowering,98.990000,24.890000,7.210000,1
355,Pine,Flowering,104.630000,6.770000,4.470000,0
2111,Oak,Vegetative,229.880000,2.860000,2.800000,0
1550,Maple,Flowering,45.560000,8.730000,4.350000,0
999,Maple,Flowering,212.790000,21.660000,2.640000,0
698,Birch,Seedling,160.410000,14.440000,6.080000,0
290,Birch,Seedling,142.150000,12.500000,5.780000,0
1216,Birch,Flowering,42.940000,7.710000,8.650000,1
299,Oak,Seedling,89.020000,17.050000,4.930000,0
1182,Pine,Seedling,169.740000,5.500000,3.660000,0
1392,Maple,Flowering,246.390000,14.180000,3.290000,0
1895,Birch,Vegetative,259.540000,29.860000,6.880000,1
1317,Pine,Seedling,266.760000,8.280000,4.530000,0
609,Birch,Seedling,166.390000,22.070000,9.730000,0
613,Oak,Seedling,12.270000,19.030000,8.260000,0
1090,Pine,Vegetative,166.220000,3.570000,7.250000,0
1263,Maple,Vegetative,209.410000,20.620000,6.240000,0
1571,Birch,Flowering,72.090000,10.890000,7.380000,1
1334,Birch,Seedling,61.810000,5.500000,4.660000,0
2911,Pine,Vegetative,148.100000,10.450000,4.220000,0
2106,Oak,Seedling,249.950000,21.460000,5.500000,0
2590,Birch,Flowering,57.540000,22.560000,4.490000,1
588,Birch,Vegetative,298.820000,22.950000,2.840000,1
1787,Pine,Flowering,144.100000,24.250000,6.290000,0
427,Maple,Seedling,51.730000,19.910000,3.280000,0
2563,Pine,Vegetative,145.250000,11.500000,6.330000,0
1055,Oak,Seedling,95.900000,2.040000,0.310000,0
972,Pine,Seedling,228.160000,29.470000,1.570000,0
888,Maple,Flowering,174.830000,7.950000,1.070000,0
874,Birch,Flowering,156.100000,24.140000,4.920000,1
2231,Maple,Flowering,132.550000,20.600000,0.220000,0
1513,Pine,Seedling,282.850000,7.100000,3.400000,0
2648,Pine,Flowering,171.390000,21.790000,4.690000,0
1538,Oak,Seedling,173.460000,27.700000,8.750000,0
1107,Oak,Vegetative,113.390000,15.490000,7.280000,0
323,Birch,Vegetative,23.380000,9.260000,5.360000,1
1261,Pine,Vegetative,124.110000,29.370000,3.970000,0
1657,Birch,Flowering,205.210000,5.270000,9.720000,1
834,Pine,Vegetative,55.880000,7.510000,2.220000,0
1294,Oak,Flowering,21.760000,0.820000,7.730000,0
49,Oak,Flowering,110.700000,6.830000,7.970000,0
145,Maple,Vegetative,256.980000,8.600000,3.760000,0
2331,Oak,Flowering,139.070000,22.540000,0.180000,0
2385,Pine,Seedling,36.460000,19.840000,4.770000,0
247,Birch,Flowering,248.560000,5.330000,1.880000,1
1442,Pine,Flowering,225.080000,17.480000,1.620000,0
2016,Maple,Flowering,185.800000,2.610000,3.660000,0
1655,Birch,Seedling,18.050000,17.570000,7.620000,0
1734,Maple,Flowering,121.690000,14.900000,1.180000,0
2499,Birch,Seedling,58.500000,9.490000,8.080000,1
1063,Birch,Vegetative,83.680000,24.330000,0.770000,1
1240,Pine,Vegetative,220.070000,24.930000,6.570000,0
2799,Oak,Seedling,270.280000,7.090000,1.820000,0
665,Maple,Seedling,39.400000,17.440000,4.760000,0
1700,Pine,Seedling,150.320000,22.540000,8.960000,0
873,Pine,Flowering,192.440000,17.030000,3.860000,0
776,Pine,Flowering,238.670000,24.660000,9.770000,0
853,Pine,Seedling,250.410000,7.480000,1.460000,0
1486,Pine,Vegetative,99.970000,14.260000,5.050000,0
803,Birch,Flowering,271.810000,20.580000,5.640000,1
943,Oak,Seedling,219.910000,8.630000,10.000000,0
2595,Pine,Seedling,69.100000,12.760000,6.080000,0
1556,Oak,Flowering,204.510000,2.000000,0.600000,0
293,Maple,Vegetative,21.250000,27.470000,0.630000,0
2767,Pine,Seedling,131.750000,17.240000,1.900000,0
810,Pine,Flowering,251.780000,15.400000,3.870000,0
1455,Oak,Seedling,192.100000,12.470000,2.730000,0
2051,Oak,Flowering,292.780000,9.750000,4.480000,0
513,Pine,Flowering,215.830000,1.940000,1.230000,0
2393,Maple,Flowering,206.470000,19.500000,6.370000,0
1984,Pine,Flowering,50.520000,0.810000,2.660000,0
1810,Maple,Flowering,146.830000,15.470000,6.680000,0
360,Maple,Flowering,11.690000,26.790000,6.950000,1
538,Birch,Flowering,93.120000,21.440000,0.620000,1
2692,Maple,Seedling,179.630000,2.070000,0.890000,0
2713,Pine,Seedling,75.520000,28.200000,8.550000,0
1613,Pine,Flowering,250.410000,14.950000,9.570000,0
933,Pine,Seedling,120.540000,14.800000,6.650000,0
1646,Maple,Vegetative,257.730000,11.410000,3.860000,0
1551,Birch,Vegetative,190.160000,23.420000,7.060000,1
1991,Oak,Vegetative,28.720000,6.080000,1.770000,0
1371,Birch,Flowering,38.160000,25.670000,2.040000,1
980,Birch,Flowering,156.830000,23.540000,8.280000,1
1339,Pine,Seedling,274.630000,13.490000,9.520000,0
1581,Pine,Seedling,208.270000,23.290000,7.840000,0
878,Birch,Flowering,198.790000,5.310000,1.710000,1
711,Oak,Vegetative,76.420000,3.870000,3.360000,0
2673,Maple,Seedling,232.230000,16.310000,8.280000,0
48,Oak,Seedling,184.150000,11.140000,1.770000,0
1939,Maple,Seedling,161.510000,1.980000,3.880000,0
402,Oak,Flowering,135.000000,26.810000,7.550000,0
1666,Birch,Vegetative,15.740000,23.200000,1.190000,1
1973,Oak,Vegetative,16.970000,20.770000,9.540000,0
408,Pine,Seedling,202.240000,21.760000,6.110000,0
2787,Pine,Flowering,253.600000,7.500000,3.760000,0
2035,Pine,Seedling,80.520000,10.320000,7.590000,0
125,Pine,Seedling,198.230000,3.950000,8.150000,0
1084,Oak,Flowering,192.550000,25.160000,1.110000,0
1934,Pine,Seedling,104.420000,27.760000,3.870000,0
529,Birch,Vegetative,171.000000,16.700000,0.850000,1
815,Maple,Vegetative,157.680000,2.900000,3.830000,0
643,Birch,Seedling,15.110000,27.130000,9.110000,1
1051,Birch,Seedling,90.530000,29.600000,7.060000,1
601,Oak,Seedling,73.310000,27.820000,9.680000,0
148,Maple,Vegetative,79.610000,28.520000,3.390000,0
510,Maple,Seedling,122.840000,10.660000,2.810000,0
1193,Maple,Flowering,156.230000,17.310000,0.600000,0
1807,Pine,Flowering,281.800000,27.180000,0.650000,0
2899,Pine,Flowering,58.980000,21.240000,0.460000,0
359,Maple,Flowering,63.000000,19.040000,6.970000,0
1214,Birch,Vegetative,211.750000,3.280000,5.250000,1
2509,Maple,Vegetative,292.050000,13.030000,7.580000,0
1065,Pine,Seedling,168.770000,4.610000,0.650000,0
2177,Birch,Flowering,173.060000,17.040000,9.070000,1
1276,Maple,Vegetative,225.840000,20.390000,2.540000,0
2592,Birch,Vegetative,247.310000,27.830000,1.710000,1
2120,Pine,Flowering,176.570000,13.350000,1.680000,0
2788,Maple,Seedling,252.340000,3.330000,0.680000,0
2308,Pine,Vegetative,153.130000,18.780000,2.810000,0
139,Oak,Vegetative,74.200000,26.980000,0.890000,0
128,Oak,Flowering,281.770000,13.860000,9.160000,0
2766,Birch,Seedling,49.900000,23.160000,0.410000,1
1168,Maple,Vegetative,141.100000,8.270000,9.090000,0
2702,Maple,Vegetative,181.810000,6.870000,1.480000,0
2506,Pine,Flowering,266.850000,25.430000,6.390000,0
294,Birch,Vegetative,193.060000,24.760000,4.510000,1
228,Oak,Vegetative,215.640000,22.390000,6.320000,0
1126,Maple,Vegetative,100.430000,13.000000,4.210000,0
1207,Pine,Flowering,75.730000,4.630000,3.330000,0
2524,Maple,Flowering,60.770000,7.960000,9.930000,0
1440,Maple,Seedling,161.930000,11.980000,1.410000,0
1974,Maple,Vegetative,285.410000,17.170000,5.020000,0
2877,Oak,Flowering,70.550000,11.660000,4.040000,0
2054,Pine,Flowering,142.610000,28.830000,1.930000,0
441,Pine,Flowering,130.730000,27.030000,5.490000,0
179,Birch,Vegetative,112.240000,25.390000,3.830000,1
1524,Birch,Seedling,217.230000,6.560000,8.450000,1
2946,Oak,Flowering,105.980000,21.960000,3.960000,0
1961,Maple,Flowering,296.480000,15.310000,3.270000,0
1829,Pine,Vegetative,97.140000,2.870000,4.290000,0
1349,Pine,Seedling,292.030000,2.850000,2.610000,0
2020,Maple,Flowering,176.560000,6.640000,6.430000,0
1503,Birch,Seedling,193.310000,6.690000,0.810000,1
900,Birch,Vegetative,159.090000,21.800000,9.970000,1
33,Maple,Seedling,262.600000,21.540000,7.350000,0
2462,Pine,Seedling,188.700000,27.900000,1.900000,0
466,Oak,Vegetative,183.300000,13.730000,2.700000,0
1427,Pine,Vegetative,299.680000,13.410000,8.500000,0
2807,Pine,Flowering,212.300000,19.560000,7.930000,0
610,Maple,Vegetative,169.950000,13.310000,7.410000,0
1566,Birch,Seedling,131.440000,27.610000,7.230000,1
472,Oak,Vegetative,47.940000,5.060000,1.680000,0
2504,Maple,Vegetative,35.610000,9.440000,9.200000,0
2286,Birch,Flowering,212.900000,7.710000,5.710000,1
325,Maple,Flowering,163.310000,13.780000,6.060000,0
168,Pine,Seedling,247.140000,7.910000,5.450000,0
1605,Oak,Flowering,263.610000,22.080000,9.290000,0
449,Pine,Vegetative,216.180000,9.000000,3.200000,0
1889,Birch,Flowering,172.940000,7.900000,4.440000,1
589,Pine,Flowering,103.020000,12.370000,2.380000,0
807,Pine,Flowering,245.380000,20.620000,8.250000,0
2244,Pine,Vegetative,234.330000,12.930000,8.330000,0
2730,Pine,Flowering,210.110000,6.470000,4.610000,0
193,Oak,Seedling,201.800000,7.370000,7.980000,0
1099,Birch,Vegetative,209.300000,16.500000,5.540000,1
75,Pine,Flowering,253.390000,1.500000,6.160000,0
2430,Oak,Vegetative,108.700000,9.970000,4.280000,0
436,Birch,Vegetative,63.550000,5.390000,4.640000,1
394,Maple,Flowering,55.740000,24.410000,7.930000,0
576,Maple,Seedling,180.000000,4.310000,0.610000,0
1950,Pine,Seedling,252.250000,7.150000,6.280000,0
903,Oak,Flowering,46.430000,9.620000,5.700000,0
1266,Maple,Vegetative,206.780000,6.360000,1.320000,0
1231,Oak,Flowering,55.110000,11.150000,5.370000,0
1241,Pine,Vegetative,159.160000,3.390000,8.070000,0
2482,Birch,Flowering,18.710000,26.370000,6.260000,1
1355,Pine,Vegetative,274.930000,16.920000,1.910000,0
2264,Oak,Flowering,54.110000,20.990000,0.580000,0
69,Maple,Seedling,251.020000,16.940000,9.360000,0
1792,Maple,Seedling,129.680000,10.730000,0.230000,0
363,Birch,Seedling,50.080000,9.280000,2.710000,1
1573,Birch,Flowering,248.270000,27.360000,2.080000,1
13,Oak,Flowering,206.260000,3.990000,4.510000,0
1890,Pine,Seedling,110.000000,23.500000,2.680000,0
426,Maple,Seedling,210.970000,19.440000,7.650000,0
1337,Maple,Vegetative,193.130000,20.960000,1.720000,0
2199,Maple,Flowering,24.850000,5.790000,4.770000,0
1325,Maple,Vegetative,173.530000,17.740000,8.750000,0
1881,Birch,Vegetative,250.730000,0.600000,5.840000,1
235,Birch,Vegetative,228.750000,24.340000,6.440000,0
1996,Birch,Flowering,223.460000,24.260000,3.990000,0
382,Birch,Seedling,258.570000,29.440000,9.580000,1
2189,Pine,Vegetative,168.480000,7.360000,8.950000,0
1918,Birch,Flowering,39.130000,9.820000,5.790000,0
1217,Maple,Flowering,140.110000,9.910000,1.480000,0
504,Oak,Vegetative,242.250000,28.290000,9.480000,0
2993,Oak,Seedling,77.530000,15.360000,0.770000,0
631,Maple,Vegetative,156.190000,23.530000,3.810000,0
291,Maple,Seedling,235.610000,22.640000,4.040000,0
1320,Pine,Vegetative,229.170000,10.320000,1.520000,0
160,Oak,Vegetative,163.530000,16.840000,8.560000,0
2707,Oak,Vegetative,21.500000,15.330000,1.570000,0
2717,Pine,Seedling,215.550000,20.280000,5.740000,0
2723,Maple,Flowering,203.790000,12.430000,7.120000,0
1209,Oak,Vegetative,199.040000,9.260000,8.950000,0
1718,Maple,Seedling,170.650000,18.650000,1.420000,0
350,Birch,Vegetative,184.060000,14.520000,7.930000,1
443,Oak,Flowering,93.360000,27.640000,7.060000,0
1561,Birch,Seedling,58.150000,26.920000,7.290000,1
231,Maple,Flowering,194.470000,10.860000,3.470000,0
2005,Maple,Seedling,229.320000,24.570000,8.520000,0
2108,Birch,Seedling,78.270000,7.630000,6.810000,1
1680,Pine,Vegetative,56.170000,7.420000,6.240000,0
1695,Maple,Vegetative,192.470000,1.160000,5.080000,0
2554,Maple,Vegetative,204.800000,16.720000,5.050000,0
2364,Oak,Seedling,156.260000,28.310000,7.400000,0
977,Pine,Seedling,28.100000,7.010000,3.810000,0
2306,Pine,Flowering,130.720000,26.000000,3.560000,0
2983,Birch,Vegetative,123.010000,8.600000,7.310000,1
1659,Birch,Flowering,282.240000,12.360000,4.290000,0
530,Maple,Seedling,40.790000,24.250000,1.600000,0
2765,Birch,Seedling,223.930000,25.580000,2.410000,1
1358,Birch,Flowering,81.200000,1.480000,7.990000,1
949,Oak,Vegetative,239.840000,21.790000,6.910000,0
2982,Pine,Seedling,267.030000,15.020000,5.720000,0
1929,Birch,Vegetative,173.910000,2.360000,4.270000,1
1290,Birch,Flowering,199.510000,3.470000,4.380000,1
2814,Maple,Seedling,139.270000,4.090000,2.860000,0
406,Oak,Vegetative,79.690000,29.000000,4.980000,0
840,Birch,Seedling,16.300000,11.890000,9.390000,0
2174,Birch,Seedling,18.340000,23.080000,2.800000,1
1917,Pine,Seedling,23.220000,24.710000,9.810000,0
2614,Birch,Flowering,269.130000,29.050000,6.170000,1
1802,Oak,Flowering,186.240000,13.770000,3.230000,0
1785,Birch,Seedling,37.330000,4.380000,0.580000,1
1497,Birch,Seedling,96.980000,16.720000,0.330000,1
1790,Maple,Vegetative,211.930000,1.830000,9.040000,0
215,Oak,Flowering,178.030000,27.850000,0.590000,0
2571,Birch,Vegetative,132.320000,24.190000,8.500000,1
500,Maple,Vegetative,95.300000,22.350000,5.340000,0
1022,Maple,Flowering,174.990000,23.880000,2.300000,0
24,Oak,Vegetative,275.670000,8.580000,2.440000,0
1062,Maple,Vegetative,291.080000,19.810000,3.990000,0
210,Maple,Vegetative,87.930000,8.680000,7.940000,0
1072,Pine,Vegetative,63.760000,19.770000,9.940000,0
1482,Pine,Flowering,31.040000,27.150000,7.490000,0
1755,Oak,Flowering,128.800000,17.170000,6.860000,0
1583,Birch,Seedling,149.120000,25.520000,0.720000,1
188,Birch,Seedling,135.090000,14.450000,6.350000,1
2479,Birch,Vegetative,236.540000,8.190000,7.850000,1
2293,Birch,Vegetative,225.220000,5.140000,9.920000,0
2136,Oak,Seedling,293.500000,20.730000,7.110000,0
2776,Maple,Flowering,117.640000,13.860000,5.760000,0
98,Pine,Flowering,72.560000,8.380000,1.640000,0
2218,Pine,Seedling,260.630000,3.050000,1.070000,0
1327,Oak,Vegetative,168.050000,4.610000,5.550000,0
2659,Pine,Vegetative,84.090000,21.560000,5.870000,0
708,Pine,Vegetative,124.750000,4.180000,0.100000,0
1468,Birch,Seedling,275.390000,23.970000,2.890000,1
2400,Oak,Vegetative,235.180000,13.570000,8.470000,0
2701,Maple,Vegetative,59.250000,22.280000,8.080000,0
978,Birch,Vegetative,159.620000,28.640000,7.300000,1
1089,Oak,Seedling,272.640000,17.540000,4.510000,0
2341,Maple,Flowering,31.990000,9.380000,2.830000,0
2560,Maple,Vegetative,118.400000,6.400000,1.570000,0
2532,Oak,Flowering,255.360000,28.640000,4.260000,0
454,Maple,Vegetative,261.840000,13.710000,5.640000,0
2720,Pine,Flowering,237.100000,12.940000,2.640000,0
2475,Birch,Flowering,19.740000,0.740000,0.790000,1
2977,Pine,Seedling,57.070000,24.770000,5.620000,0
1860,Maple,Flowering,56.420000,4.340000,2.440000,0
2079,Birch,Seedling,19.690000,27.210000,6.700000,1
627,Pine,Vegetative,230.840000,13.800000,4.690000,0
2839,Birch,Flowering,281.670000,11.250000,3.140000,1
30,Pine,Vegetative,40.790000,17.420000,9.610000,0
32,Maple,Seedling,251.530000,15.200000,0.890000,0
710,Pine,Flowering,65.550000,25.910000,5.610000,0
1567,Maple,Flowering,70.440000,3.060000,5.120000,0
1539,Pine,Flowering,106.470000,23.800000,6.510000,0
1634,Birch,Seedling,214.260000,28.480000,9.540000,1
2578,Birch,Flowering,52.750000,6.060000,2.990000,1
1147,Pine,Seedling,21.440000,20.290000,3.470000,0
785,Maple,Flowering,35.040000,6.640000,0.360000,0
830,Oak,Seedling,80.170000,10.480000,8.070000,0
577,Pine,Flowering,265.680000,19.510000,7.440000,0
2547,Birch,Vegetative,137.330000,7.150000,5.230000,1
2440,Birch,Vegetative,147.870000,27.600000,3.900000,1
1340,Oak,Vegetative,17.130000,0.720000,8.920000,0
615,Oak,Seedling,105.850000,0.530000,7.330000,0
2501,Oak,Seedling,14.490000,5.550000,2.520000,0
906,Oak,Flowering,262.760000,18.330000,2.680000,0
1730,Maple,Vegetative,23.220000,23.990000,5.540000,0
2426,Maple,Seedling,154.070000,17.690000,2.440000,0
1071,Birch,Flowering,255.630000,22.040000,9.130000,1
1832,Birch,Vegetative,203.790000,28.260000,5.590000,1
1923,Maple,Seedling,215.560000,23.780000,5.660000,0
368,Maple,Vegetative,116.360000,1.950000,4.300000,0
705,Birch,Seedling,48.440000,10.420000,4.710000,1
431,Maple,Vegetative,71.020000,12.840000,3.530000,0
1016,Pine,Seedling,82.750000,19.550000,9.070000,0
2041,Maple,Vegetative,153.030000,23.490000,7.450000,0
2431,Birch,Flowering,137.270000,4.310000,5.890000,1
2557,Pine,Seedling,19.270000,9.760000,2.130000,0
419,Maple,Flowering,77.670000,3.310000,7.220000,0
1064,Maple,Seedling,51.370000,15.520000,4.020000,0
2555,Oak,Flowering,68.940000,21.410000,7.560000,0
1056,Oak,Seedling,56.550000,15.250000,6.150000,0
1324,Maple,Seedling,105.530000,27.970000,4.490000,0
1848,Oak,Seedling,110.770000,15.760000,8.740000,0
1069,Pine,Seedling,18.290000,5.910000,8.190000,0
2083,Birch,Flowering,39.190000,17.150000,5.390000,0
1601,Oak,Vegetative,105.900000,23.240000,3.670000,0
2696,Pine,Flowering,296.150000,9.750000,9.250000,0
1856,Pine,Seedling,126.550000,20.330000,2.320000,0
1097,Maple,Vegetative,15.640000,16.990000,0.360000,0
663,Oak,Seedling,229.910000,28.940000,6.860000,0
2460,Birch,Flowering,30.660000,14.090000,5.660000,1
2539,Pine,Seedling,199.740000,10.850000,9.590000,0
2642,Maple,Flowering,172.390000,19.830000,4.470000,0
428,Pine,Vegetative,72.170000,12.470000,7.240000,0
133,Birch,Flowering,95.920000,27.290000,5.440000,1
1465,Oak,Vegetative,111.220000,11.960000,4.600000,0
2525,Maple,Flowering,101.000000,25.630000,3.100000,0
165,Pine,Vegetative,26.400000,17.270000,8.500000,0
2756,Birch,Seedling,158.430000,24.820000,6.570000,0
1452,Pine,Seedling,53.630000,21.710000,5.220000,0
1338,Pine,Seedling,11.650000,26.070000,6.980000,0
932,Maple,Flowering,31.530000,5.520000,6.980000,0
860,Pine,Seedling,270.940000,1.860000,9.220000,0
2074,Maple,Seedling,205.980000,2.470000,0.260000,0
717,Pine,Flowering,60.500000,10.060000,6.180000,0
668,Oak,Seedling,120.590000,23.690000,4.450000,0
2907,Birch,Seedling,72.770000,28.440000,4.980000,1
2001,Oak,Vegetative,46.200000,14.910000,6.360000,0
2351,Pine,Seedling,52.330000,28.420000,1.180000,0
1884,Oak,Seedling,201.350000,2.270000,7.620000,0
1684,Pine,Flowering,116.140000,25.100000,8.440000,0
2962,Oak,Vegetative,269.930000,19.840000,6.850000,0
2674,Birch,Vegetative,104.650000,6.090000,3.540000,1
2129,Pine,Seedling,126.330000,7.980000,1.700000,0
2217,Maple,Vegetative,112.470000,29.270000,0.170000,0
1908,Pine,Vegetative,199.290000,18.480000,2.820000,0
233,Birch,Seedling,121.060000,11.930000,8.560000,1
109,Maple,Vegetative,241.120000,16.680000,3.120000,0
366,Maple,Flowering,256.850000,17.230000,2.690000,0
261,Maple,Vegetative,187.690000,18.650000,5.010000,0
688,Birch,Vegetative,48.450000,3.320000,7.330000,1
1164,Maple,Seedling,169.120000,8.580000,1.270000,0
1568,Oak,Seedling,219.690000,8.000000,2.320000,0
140,Birch,Seedling,10.660000,3.070000,5.360000,1
638,Pine,Seedling,295.210000,16.530000,7.130000,0
1173,Birch,Seedling,155.970000,28.270000,4.750000,1
766,Pine,Vegetative,185.070000,6.250000,1.070000,0
1367,Pine,Seedling,162.510000,24.070000,2.130000,0
671,Oak,Vegetative,263.490000,10.810000,7.890000,0
1395,Oak,Vegetative,111.620000,3.370000,3.470000,0
1309,Oak,Flowering,230.960000,9.550000,5.330000,0
2003,Maple,Seedling,123.110000,22.590000,0.550000,0
957,Pine,Seedling,166.390000,0.760000,1.920000,0
2309,Maple,Vegetative,293.120000,27.570000,7.250000,0
1879,Maple,Flowering,236.980000,4.060000,9.340000,0
1201,Birch,Vegetative,282.590000,12.830000,0.510000,1
1699,Pine,Flowering,98.340000,6.530000,2.080000,0
885,Birch,Vegetative,35.230000,2.880000,7.780000,1
692,Pine,Seedling,127.430000,2.370000,7.000000,0
1751,Birch,Seedling,130.550000,17.330000,6.470000,0
2897,Oak,Vegetative,193.780000,17.970000,1.940000,0
1903,Pine,Vegetative,298.720000,0.790000,2.440000,0
2230,Maple,Vegetative,106.890000,20.280000,8.010000,0
1271,Pine,Vegetative,151.560000,16.650000,0.260000,0
256,Maple,Vegetative,243.650000,15.740000,7.600000,0
2165,Pine,Vegetative,252.360000,5.930000,2.750000,0
1353,Pine,Seedling,264.690000,11.130000,7.740000,0
546,Pine,Vegetative,66.780000,17.000000,6.220000,0
2384,Maple,Seedling,215.420000,26.650000,4.210000,0
154,Maple,Flowering,157.270000,15.490000,5.830000,0
20,Birch,Vegetative,295.470000,2.440000,5.830000,0
1245,Pine,Seedling,186.000000,6.140000,8.990000,0
412,Maple,Seedling,221.820000,9.800000,8.980000,0
348,Maple,Vegetative,47.950000,7.900000,1.230000,0
1485,Oak,Flowering,155.100000,15.910000,1.560000,0
468,Pine,Seedling,76.590000,20.500000,7.110000,0
2049,Pine,Seedling,229.620000,3.870000,4.540000,0
2782,Maple,Vegetative,103.740000,25.820000,3.510000,0
358,Maple,Vegetative,28.550000,2.130000,3.680000,0
1516,Pine,Flowering,122.990000,28.810000,9.340000,0
2570,Oak,Flowering,32.550000,17.790000,7.980000,0
2024,Maple,Seedling,247.340000,19.840000,9.720000,0
1947,Maple,Flowering,240.310000,22.680000,2.040000,0
1302,Maple,Flowering,58.880000,4.170000,4.180000,0
553,Maple,Vegetative,189.840000,17.770000,9.400000,0
1808,Maple,Vegetative,64.700000,3.950000,3.810000,0
1945,Maple,Flowering,71.580000,20.910000,6.280000,0
892,Maple,Seedling,60.110000,18.570000,8.580000,0
928,Maple,Seedling,130.160000,28.940000,3.250000,0
1715,Birch,Vegetative,250.330000,11.590000,0.400000,0
122,Birch,Flowering,101.730000,6.320000,4.440000,1
2455,Oak,Seedling,122.810000,4.330000,6.060000,0
2265,Pine,Flowering,91.150000,26.520000,2.460000,0
792,Oak,Seedling,189.940000,18.120000,2.310000,0
2150,Birch,Seedling,254.130000,8.140000,4.110000,1
303,Pine,Seedling,179.710000,24.590000,0.130000,0
1692,Maple,Flowering,73.390000,24.740000,7.590000,0
1017,Oak,Flowering,63.410000,23.000000,2.920000,0
1937,Birch,Seedling,50.240000,6.580000,2.600000,0
1122,Pine,Vegetative,132.470000,9.990000,4.080000,0
1198,Maple,Flowering,124.770000,10.210000,0.180000,0
2180,Birch,Flowering,240.930000,25.570000,0.420000,0
714,Maple,Vegetative,246.770000,2.030000,1.110000,0
1405,Pine,Vegetative,171.210000,9.490000,7.080000,0
1842,Birch,Vegetative,266.960000,22.190000,4.480000,1
2387,Birch,Seedling,226.110000,25.900000,8.710000,1
1316,Birch,Flowering,269.260000,7.780000,0.160000,1
1086,Pine,Vegetative,239.310000,23.950000,5.440000,0
1132,Maple,Flowering,69.940000,10.240000,5.560000,0
2927,Maple,Flowering,190.410000,12.810000,5.390000,0
1944,Maple,Seedling,101.810000,26.300000,1.570000,0
1081,Birch,Seedling,26.050000,21.780000,7.170000,1
1854,Birch,Seedling,84.180000,2.420000,6.300000,0
1588,Birch,Vegetative,14.750000,10.170000,6.640000,1
38,Maple,Vegetative,156.300000,11.270000,7.850000,0
2138,Pine,Vegetative,207.600000,17.970000,0.350000,0
2356,Pine,Vegetative,92.200000,23.270000,5.740000,0
2580,Birch,Vegetative,39.430000,14.530000,4.390000,1
1377,Maple,Flowering,138.670000,15.390000,3.210000,0
37,Birch,Flowering,140.200000,26.970000,4.980000,1
867,Oak,Seedling,129.770000,28.850000,4.990000,0
2496,Pine,Vegetative,50.350000,6.230000,1.790000,0
1982,Maple,Vegetative,139.790000,24.370000,2.190000,0
2324,Maple,Seedling,141.360000,7.050000,1.980000,0
2432,Pine,Seedling,269.850000,28.380000,4.870000,0
2379,Maple,Flowering,293.490000,26.100000,7.320000,0
1057,Maple,Flowering,254.800000,16.490000,8.010000,0
2093,Oak,Vegetative,67.750000,26.470000,1.340000,0
1495,Pine,Vegetative,96.560000,29.760000,6.740000,0
1237,Oak,Vegetative,234.010000,22.160000,8.690000,0
2900,Pine,Seedling,81.790000,24.980000,7.920000,0
2337,Maple,Seedling,113.720000,23.000000,4.890000,0
1014,Oak,Vegetative,162.910000,7.440000,7.440000,0
103,Maple,Vegetative,286.770000,18.470000,8.580000,0
2576,Birch,Vegetative,237.160000,1.460000,1.800000,1
289,Oak,Seedling,138.660000,0.600000,5.050000,0
1756,Oak,Seedling,242.440000,20.400000,8.710000,0
2234,Maple,Vegetative,67.140000,16.490000,3.370000,0
1614,Maple,Flowering,30.350000,24.600000,6.250000,0
1422,Pine,Vegetative,151.490000,6.360000,4.790000,0
2500,Maple,Seedling,72.270000,19.190000,5.300000,0
2254,Birch,Flowering,220.240000,0.970000,0.920000,1
1119,Oak,Vegetative,184.150000,13.540000,1.220000,0
2075,Birch,Flowering,230.790000,17.760000,8.970000,1
1171,Maple,Flowering,282.520000,17.690000,2.610000,0
2922,Maple,Seedling,298.860000,4.780000,5.010000,0
2757,Birch,Seedling,103.820000,4.110000,0.520000,1
21,Oak,Flowering,178.420000,28.650000,2.050000,0
1054,Maple,Seedling,119.980000,29.270000,3.030000,0
1504,Oak,Vegetative,294.900000,4.440000,1.300000,0
2790,Birch,Vegetative,287.920000,11.440000,6.010000,1
914,Birch,Seedling,190.380000,14.440000,9.260000,1
544,Maple,Vegetative,172.980000,5.660000,1.940000,0
2406,Pine,Vegetative,95.700000,2.260000,7.610000,0
151,Oak,Flowering,247.240000,6.700000,4.160000,0
2445,Oak,Vegetative,25.200000,1.430000,3.390000,0
2375,Birch,Vegetative,107.310000,22.000000,5.290000,1
1505,Maple,Seedling,97.310000,2.810000,4.290000,0
2322,Maple,Seedling,61.210000,22.500000,9.500000,0
817,Maple,Seedling,112.740000,4.980000,1.900000,0
1226,Oak,Flowering,229.970000,28.090000,5.100000,0
2102,Oak,Flowering,57.370000,1.000000,0.750000,0
2629,Maple,Seedling,25.530000,27.380000,5.860000,0
2245,Birch,Seedling,82.750000,3.420000,8.880000,0
2099,Pine,Flowering,178.870000,27.580000,9.850000,0
36,Maple,Seedling,100.050000,4.020000,5.260000,0
1517,Birch,Seedling,282.670000,9.290000,0.880000,1
1729,Maple,Seedling,293.070000,16.370000,1.770000,0
392,Oak,Seedling,55.710000,3.970000,6.800000,0
2457,Pine,Flowering,262.500000,10.700000,9.630000,0
1148,Maple,Vegetative,154.700000,21.230000,9.510000,0
2952,Pine,Flowering,57.000000,15.120000,1.900000,0
2854,Pine,Flowering,186.090000,9.000000,6.880000,0
2323,Maple,Vegetative,42.940000,26.340000,4.950000,0
891,Oak,Flowering,298.560000,14.850000,0.310000,0
636,Oak,Seedling,110.040000,15.170000,6.410000,0
1228,Oak,Vegetative,215.860000,20.000000,6.300000,0
226,Maple,Flowering,260.500000,24.610000,2.410000,0
684,Oak,Flowering,19.640000,5.450000,0.840000,0
1872,Pine,Vegetative,26.660000,5.620000,5.430000,0
1256,Oak,Vegetative,125.440000,15.520000,8.020000,0
460,Oak,Seedling,64.760000,16.550000,2.710000,0
676,Pine,Seedling,48.850000,2.000000,9.170000,0
378,Pine,Vegetative,195.030000,5.790000,4.170000,0
214,Pine,Vegetative,234.130000,12.600000,7.440000,0
831,Birch,Flowering,156.610000,8.260000,9.610000,1
829,Oak,Flowering,253.780000,12.440000,5.330000,0
955,Maple,Vegetative,244.430000,14.360000,9.730000,0
1518,Pine,Flowering,41.760000,2.790000,3.550000,0
2420,Maple,Flowering,34.540000,28.070000,7.180000,0
1169,Oak,Vegetative,218.680000,23.660000,8.530000,0
2017,Oak,Vegetative,195.930000,11.330000,4.680000,0
1,Birch,Vegetative,95.450000,16.150000,2.000000,1
276,Oak,Seedling,49.340000,15.560000,3.360000,0
1767,Oak,Flowering,216.410000,22.480000,3.610000,0
1852,Oak,Seedling,174.840000,8.430000,1.540000,0
679,Pine,Seedling,204.910000,12.930000,7.760000,0
416,Oak,Flowering,34.830000,22.150000,2.460000,0
1357,Pine,Seedling,33.900000,1.700000,6.200000,0
2015,Birch,Flowering,190.300000,4.650000,1.640000,1
2846,Pine,Flowering,252.580000,12.660000,3.240000,0
2295,Birch,Vegetative,71.650000,22.610000,1.770000,1
2778,Oak,Flowering,100.000000,5.920000,5.020000,1
1675,Maple,Vegetative,164.200000,3.120000,5.640000,0
1869,Oak,Vegetative,224.390000,23.120000,1.910000,0
808,Oak,Flowering,171.160000,0.960000,5.330000,0
2275,Pine,Vegetative,227.120000,20.410000,5.460000,0
476,Pine,Seedling,123.330000,8.050000,6.220000,0
104,Maple,Vegetative,265.320000,5.790000,2.250000,0
1103,Birch,Vegetative,70.710000,7.220000,3.520000,1
1332,Maple,Flowering,178.610000,18.000000,5.890000,0
791,Oak,Vegetative,282.360000,9.530000,3.640000,0
743,Pine,Seedling,214.200000,6.270000,5.780000,0
2433,Pine,Seedling,167.460000,14.050000,0.900000,0
1584,Oak,Vegetative,160.970000,26.740000,9.310000,0
489,Maple,Seedling,99.320000,14.390000,9.960000,0
2357,Birch,Flowering,209.740000,8.230000,3.020000,1
881,Oak,Seedling,183.330000,27.240000,0.350000,0
2179,Oak,Flowering,60.590000,24.480000,5.400000,0
2239,Oak,Flowering,29.000000,8.190000,3.810000,0
559,Birch,Vegetative,12.170000,2.190000,8.600000,1
1484,Oak,Vegetative,38.120000,2.760000,7.840000,0
593,Maple,Seedling,244.670000,11.000000,2.600000,0
2104,Oak,Seedling,149.460000,22.840000,2.210000,0
1254,Oak,Seedling,38.050000,9.880000,2.960000,0
2859,Maple,Flowering,126.280000,24.550000,0.820000,0
2287,Birch,Seedling,54.100000,13.080000,7.100000,1
1983,Birch,Seedling,105.130000,10.280000,6.270000,1
1229,Oak,Flowering,199.100000,4.820000,6.730000,0
2248,Maple,Flowering,252.210000,1.790000,2.140000,0
1722,Birch,Vegetative,36.960000,22.350000,9.380000,1
2913,Oak,Seedling,150.300000,14.830000,5.320000,0
828,Oak,Seedling,115.250000,17.640000,1.240000,0
2103,Maple,Vegetative,156.700000,25.620000,4.770000,0
1018,Oak,Vegetative,291.720000,17.560000,3.320000,0
990,Maple,Flowering,65.550000,24.330000,8.830000,0
1223,Oak,Vegetative,293.600000,24.930000,6.460000,0
1116,Pine,Seedling,286.290000,14.210000,3.550000,0
1586,Pine,Vegetative,89.530000,23.500000,3.250000,0
2477,Maple,Vegetative,292.050000,3.320000,9.520000,0
682,Oak,Seedling,154.580000,7.630000,8.980000,0
793,Birch,Seedling,122.290000,11.040000,6.250000,0
2978,Birch,Flowering,291.100000,3.350000,4.340000,0
2744,Oak,Vegetative,162.520000,28.680000,1.900000,0
913,Birch,Flowering,269.000000,17.580000,1.910000,1
1094,Birch,Flowering,217.070000,13.920000,8.400000,0
72,Birch,Seedling,159.660000,25.560000,0.650000,0
800,Pine,Vegetative,286.030000,6.880000,4.390000,0
1397,Pine,Vegetative,220.030000,9.240000,0.630000,0
2350,Maple,Flowering,161.160000,12.620000,4.790000,0
2543,Pine,Seedling,154.520000,5.240000,0.920000,0
1905,Birch,Flowering,164.570000,3.960000,9.300000,1
1521,Maple,Seedling,218.870000,14.540000,5.450000,0
1637,Birch,Flowering,226.320000,18.930000,7.110000,1
1658,Maple,Flowering,235.410000,3.600000,3.970000,0
1124,Birch,Seedling,45.620000,19.280000,3.390000,1
661,Birch,Flowering,209.750000,18.630000,8.390000,1
895,Pine,Seedling,153.220000,11.330000,8.950000,0
2471,Oak,Vegetative,253.140000,1.670000,4.600000,0
2853,Maple,Flowering,97.860000,18.840000,9.080000,0
1667,Birch,Seedling,62.110000,7.210000,7.010000,1
1410,Oak,Seedling,191.920000,24.930000,1.970000,0
969,Oak,Flowering,142.770000,28.330000,1.230000,0
2340,Pine,Flowering,87.590000,20.320000,0.780000,0
2486,Oak,Flowering,234.650000,15.880000,6.030000,0
1975,Pine,Flowering,43.690000,19.510000,4.790000,0
2876,Maple,Seedling,215.530000,28.190000,6.930000,0
1010,Pine,Seedling,54.750000,21.560000,0.530000,0
2395,Maple,Flowering,42.370000,8.070000,6.470000,0
2745,Pine,Vegetative,206.540000,28.000000,1.770000,0
882,Birch,Seedling,108.230000,4.680000,8.900000,0
2503,Birch,Seedling,267.140000,24.330000,5.070000,1
2708,Maple,Flowering,30.530000,25.040000,8.320000,0
2380,Oak,Vegetative,284.460000,23.700000,8.040000,0
1287,Birch,Flowering,95.360000,8.610000,0.560000,1
252,Maple,Seedling,180.730000,25.380000,4.150000,0
1005,Birch,Flowering,47.730000,8.800000,6.230000,0
524,Birch,Seedling,101.990000,18.810000,7.690000,1
591,Oak,Flowering,118.390000,10.910000,5.490000,0
1418,Pine,Flowering,239.940000,11.080000,9.310000,0
2681,Maple,Vegetative,274.350000,4.730000,5.520000,0
92,Maple,Seedling,86.680000,5.360000,7.850000,0
2652,Pine,Vegetative,105.560000,18.890000,0.480000,0
1412,Oak,Seedling,57.300000,16.090000,3.020000,0
1702,Pine,Flowering,86.240000,25.340000,9.110000,0
379,Maple,Flowering,124.540000,23.690000,7.220000,0
1048,Maple,Seedling,96.450000,17.070000,3.330000,0
2416,Oak,Vegetative,184.620000,11.420000,7.250000,0
2636,Pine,Vegetative,30.460000,0.980000,0.790000,0
2725,Maple,Vegetative,298.080000,22.000000,1.210000,0
1436,Pine,Vegetative,74.680000,9.230000,5.520000,0
1522,Birch,Flowering,64.410000,18.510000,7.910000,1
2410,Birch,Flowering,223.940000,29.740000,5.610000,1
2353,Oak,Vegetative,154.200000,29.630000,1.620000,0
2472,Birch,Seedling,208.860000,22.290000,5.100000,1
600,Birch,Seedling,282.300000,18.320000,7.220000,1
2382,Pine,Flowering,90.680000,17.480000,5.450000,0
1768,Maple,Seedling,51.780000,28.010000,0.760000,0
142,Birch,Seedling,170.390000,13.730000,0.490000,0
2545,Maple,Flowering,228.220000,10.830000,7.450000,0
2307,Oak,Vegetative,183.290000,4.760000,7.930000,0
1727,Pine,Seedling,182.990000,2.320000,9.320000,0
219,Pine,Flowering,132.650000,4.740000,7.580000,0
241,Birch,Seedling,288.760000,11.550000,4.420000,1
272,Oak,Seedling,82.930000,11.770000,7.870000,0
1399,Maple,Flowering,94.430000,14.370000,2.280000,0
1694,Pine,Seedling,294.370000,6.190000,7.500000,0
694,Oak,Flowering,79.960000,24.000000,9.660000,0
1512,Birch,Flowering,258.650000,8.030000,8.550000,1
1454,Pine,Seedling,82.590000,8.880000,7.510000,0
1142,Maple,Vegetative,282.050000,15.290000,6.700000,0
137,Pine,Vegetative,213.440000,21.230000,7.750000,0
106,Oak,Flowering,272.070000,29.410000,5.150000,0
1781,Pine,Flowering,91.950000,18.880000,6.560000,0
2013,Birch,Flowering,21.080000,3.230000,7.500000,1
2263,Oak,Seedling,84.440000,21.720000,7.600000,0
99,Oak,Vegetative,199.400000,21.430000,0.710000,0
1330,Maple,Vegetative,99.730000,2.270000,6.520000,0
462,Birch,Flowering,220.060000,26.250000,4.970000,1
274,Pine,Flowering,165.610000,15.740000,0.200000,0
1255,Pine,Flowering,117.160000,11.090000,9.990000,0
162,Birch,Flowering,55.520000,27.260000,5.320000,1
352,Oak,Flowering,217.540000,0.720000,2.020000,0
2873,Maple,Vegetative,211.160000,8.200000,4.390000,0
1032,Maple,Vegetative,270.870000,14.280000,7.700000,0
1558,Pine,Vegetative,241.740000,1.270000,8.370000,0
127,Maple,Vegetative,153.790000,13.070000,1.100000,0
880,Birch,Seedling,273.460000,20.040000,6.910000,1
967,Oak,Vegetative,115.670000,0.770000,9.360000,0
1607,Pine,Vegetative,241.320000,29.670000,8.820000,0
1242,Maple,Seedling,216.460000,11.140000,4.070000,0
508,Oak,Vegetative,158.930000,7.560000,2.150000,0
2768,Birch,Seedling,215.230000,4.720000,3.120000,1
673,Pine,Vegetative,16.220000,22.060000,2.760000,0
2211,Maple,Flowering,261.400000,9.920000,4.730000,0
465,Maple,Seedling,206.740000,14.720000,0.890000,0
52,Pine,Vegetative,218.290000,14.660000,3.440000,0
45,Birch,Seedling,246.110000,21.000000,2.430000,1
1281,Birch,Flowering,33.720000,20.490000,7.960000,1
15,Birch,Seedling,288.630000,19.950000,7.220000,1
1861,Pine,Seedling,179.450000,10.110000,9.990000,0
1818,Oak,Seedling,289.490000,17.990000,6.130000,0
2310,Birch,Flowering,228.640000,7.300000,4.480000,0
2857,Oak,Vegetative,288.930000,3.460000,2.530000,0
2662,Maple,Seedling,30.390000,27.240000,9.650000,0
185,Birch,Seedling,76.250000,4.430000,7.450000,1
704,Oak,Flowering,213.680000,1.750000,8.140000,0
1328,Pine,Seedling,29.360000,28.580000,6.170000,0
421,Pine,Seedling,142.400000,19.130000,3.460000,0
672,Maple,Vegetative,258.580000,27.630000,3.280000,0
2334,Maple,Flowering,92.200000,4.630000,6.650000,0
1106,Maple,Vegetative,281.670000,16.380000,4.470000,0
2057,Oak,Seedling,272.470000,12.970000,3.670000,0
2419,Birch,Flowering,154.010000,17.240000,2.610000,1
2834,Pine,Vegetative,132.830000,2.620000,7.450000,0
121,Oak,Vegetative,107.960000,10.670000,4.980000,0
2279,Pine,Seedling,141.610000,10.620000,4.910000,0
983,Oak,Vegetative,88.270000,16.910000,8.020000,0
2498,Maple,Vegetative,234.900000,29.460000,0.760000,0
1954,Birch,Flowering,58.200000,16.280000,1.740000,1
2256,Birch,Vegetative,164.720000,29.670000,8.270000,1
3000,Maple,Seedling,154.170000,8.970000,3.910000,0
1744,Oak,Seedling,286.630000,12.400000,4.960000,0
295,Birch,Seedling,97.400000,14.370000,3.420000,1
1749,Pine,Vegetative,90.470000,6.020000,0.520000,0
1580,Pine,Seedling,151.030000,2.860000,3.960000,0
2202,Birch,Seedling,172.270000,27.710000,3.740000,0
1544,Birch,Flowering,51.500000,27.390000,3.390000,0
2538,Maple,Flowering,10.650000,2.980000,5.240000,0
1052,Maple,Seedling,38.360000,17.560000,6.730000,0
114,Oak,Vegetative,20.860000,13.550000,2.970000,0
2831,Oak,Seedling,233.230000,14.310000,5.700000,0
2262,Pine,Seedling,291.860000,26.660000,8.790000,0
689,Oak,Vegetative,120.600000,16.240000,5.320000,0
1652,Maple,Flowering,257.190000,4.680000,6.560000,0
2969,Maple,Seedling,186.770000,27.230000,0.740000,0
2269,Birch,Vegetative,189.480000,3.180000,1.680000,1
667,Oak,Seedling,215.210000,10.260000,8.570000,0
410,Oak,Vegetative,33.940000,13.410000,7.620000,0
572,Maple,Seedling,68.040000,22.420000,6.490000,0
2492,Birch,Flowering,156.620000,10.750000,9.590000,1
1172,Birch,Vegetative,274.000000,20.350000,4.360000,1
1002,Pine,Seedling,110.070000,19.230000,5.050000,0
1540,Maple,Flowering,199.080000,16.090000,0.380000,0
2411,Pine,Flowering,229.440000,16.860000,7.930000,0
2634,Birch,Flowering,272.820000,19.420000,6.920000,1
2390,Pine,Flowering,133.340000,16.200000,7.000000,0
2167,Maple,Vegetative,145.020000,13.740000,3.350000,0
2101,Birch,Seedling,80.100000,23.810000,2.600000,0
391,Pine,Seedling,71.670000,7.030000,4.090000,0
1125,Oak,Seedling,86.150000,20.740000,4.170000,0
2605,Pine,Vegetative,283.040000,12.130000,6.230000,0
2519,Maple,Flowering,104.570000,7.190000,9.400000,0
2964,Maple,Seedling,280.180000,27.920000,1.130000,0
924,Pine,Seedling,280.820000,2.670000,4.530000,0
278,Birch,Flowering,178.760000,23.750000,6.090000,1
275,Birch,Flowering,162.220000,10.570000,0.420000,1
872,Pine,Flowering,236.090000,1.200000,6.900000,0
935,Oak,Vegetative,40.190000,20.200000,1.720000,0
1015,Pine,Vegetative,258.880000,0.850000,9.980000,0
2494,Maple,Flowering,175.220000,23.950000,2.360000,0
2201,Oak,Flowering,80.840000,29.170000,0.880000,0
1391,Oak,Flowering,10.020000,25.700000,0.760000,0
2226,Birch,Vegetative,96.700000,1.980000,5.840000,1
1596,Birch,Vegetative,269.700000,2.250000,5.350000,1
205,Maple,Vegetative,48.350000,27.730000,4.970000,0
1303,Pine,Flowering,128.340000,28.510000,0.760000,0
816,Birch,Seedling,197.990000,21.510000,1.060000,1
351,Birch,Vegetative,172.520000,9.790000,8.260000,1
2413,Oak,Flowering,220.550000,5.570000,4.380000,0
2588,Pine,Flowering,61.060000,9.300000,3.820000,0
1259,Maple,Seedling,77.210000,7.270000,5.310000,0
1393,Oak,Flowering,60.230000,19.280000,4.980000,0
1577,Pine,Flowering,247.680000,12.420000,9.560000,0
556,Pine,Flowering,231.130000,22.710000,3.040000,0
598,Maple,Flowering,144.150000,24.910000,2.450000,0
248,Pine,Flowering,10.910000,15.950000,5.610000,0
1386,Maple,Vegetative,126.160000,10.700000,4.400000,0
119,Pine,Flowering,91.910000,18.330000,6.480000,0
2391,Oak,Flowering,221.900000,14.900000,1.630000,0
2905,Pine,Flowering,124.040000,10.110000,7.170000,0
324,Birch,Flowering,14.920000,6.930000,4.520000,1
1878,Oak,Vegetative,142.560000,6.340000,0.460000,0
2896,Birch,Seedling,160.700000,4.840000,0.330000,1
2793,Oak,Flowering,206.290000,28.500000,2.480000,0
1759,Birch,Seedling,102.860000,14.800000,2.740000,1
2442,Pine,Vegetative,181.520000,17.440000,7.860000,0
326,Oak,Flowering,258.590000,13.740000,5.120000,0
1624,Maple,Flowering,293.630000,9.070000,8.930000,0
375,Birch,Seedling,62.180000,2.220000,8.760000,1
2691,Maple,Seedling,42.740000,17.100000,8.530000,0
2961,Pine,Vegetative,198.040000,29.290000,1.320000,0
2986,Pine,Seedling,187.360000,1.840000,4.680000,0
1640,Oak,Flowering,215.880000,17.210000,7.170000,0
2517,Birch,Seedling,187.710000,4.070000,8.170000,1
763,Birch,Flowering,174.020000,19.920000,0.960000,1
721,Birch,Flowering,41.690000,16.190000,7.240000,1
1591,Pine,Vegetative,50.270000,20.090000,5.650000,0
115,Pine,Seedling,233.840000,12.320000,1.940000,0
629,Oak,Vegetative,112.570000,6.640000,0.510000,0
2124,Oak,Seedling,286.110000,8.750000,1.220000,0
1283,Oak,Vegetative,128.480000,9.210000,9.070000,0
2534,Maple,Vegetative,205.790000,9.840000,3.190000,0
1876,Oak,Vegetative,201.830000,13.080000,6.510000,0
536,Pine,Vegetative,259.120000,25.230000,5.140000,0
65,Birch,Flowering,59.650000,21.580000,2.460000,0
1305,Pine,Vegetative,222.280000,27.840000,8.910000,0
535,Maple,Seedling,100.670000,13.120000,8.620000,0
1178,Birch,Vegetative,43.040000,1.910000,5.120000,1
1009,Birch,Flowering,59.890000,16.060000,0.150000,1
617,Oak,Vegetative,14.810000,14.260000,2.640000,0
2902,Birch,Flowering,205.260000,3.420000,6.900000,1
371,Maple,Flowering,183.620000,18.410000,2.750000,0
1067,Maple,Seedling,144.920000,2.240000,1.640000,0
1451,Oak,Seedling,123.400000,1.000000,0.150000,0
1461,Maple,Seedling,191.570000,3.070000,9.870000,0
505,Pine,Seedling,160.400000,20.440000,7.440000,0
1042,Maple,Seedling,169.970000,27.060000,2.380000,0
164,Maple,Vegetative,230.120000,3.480000,9.860000,0
2863,Pine,Flowering,58.380000,16.730000,1.070000,0
76,Maple,Vegetative,278.490000,4.970000,7.310000,0
1190,Birch,Seedling,109.150000,19.190000,8.870000,0
2684,Oak,Flowering,144.920000,2.220000,0.900000,0
1066,Maple,Vegetative,133.530000,8.080000,0.850000,0
1720,Pine,Flowering,185.920000,25.700000,2.920000,0
575,Birch,Vegetative,38.200000,29.870000,2.210000,1
1821,Birch,Seedling,226.510000,1.140000,2.270000,0
735,Pine,Vegetative,287.530000,27.420000,2.170000,0
2345,Maple,Vegetative,17.980000,7.360000,2.130000,0
2987,Birch,Vegetative,20.650000,0.900000,9.580000,1
2288,Pine,Flowering,296.480000,9.590000,1.190000,0
847,Birch,Flowering,38.610000,12.410000,0.690000,1
369,Maple,Flowering,134.530000,26.980000,1.560000,0
2283,Pine,Flowering,243.970000,24.970000,1.420000,0
2675,Pine,Seedling,122.550000,5.620000,0.690000,0
2593,Oak,Vegetative,136.440000,23.460000,5.450000,0
2801,Oak,Seedling,224.730000,26.620000,5.160000,0
1791,Pine,Seedling,194.790000,18.890000,2.150000,0
2609,Oak,Vegetative,191.050000,24.020000,2.010000,0
89,Oak,Vegetative,211.060000,17.000000,5.210000,0
982,Maple,Vegetative,54.860000,6.820000,4.400000,0
541,Oak,Seedling,63.270000,0.580000,3.390000,0
2033,Pine,Flowering,65.780000,1.710000,1.490000,0
170,Birch,Flowering,125.100000,7.700000,7.810000,1
2512,Birch,Flowering,207.930000,23.590000,4.920000,1
1137,Maple,Vegetative,172.270000,26.000000,0.860000,0
2903,Pine,Vegetative,121.640000,27.940000,4.080000,0
769,Maple,Seedling,102.240000,24.250000,6.170000,0
2491,Maple,Seedling,132.830000,27.870000,2.550000,0
1820,Birch,Vegetative,112.300000,16.100000,1.490000,0
2653,Maple,Seedling,78.960000,4.730000,8.000000,0
628,Oak,Flowering,211.770000,3.720000,3.610000,1
2763,Birch,Seedling,149.190000,12.680000,7.410000,1
232,Maple,Flowering,70.530000,22.900000,7.820000,0
1859,Oak,Flowering,223.840000,20.880000,7.520000,0
1093,Birch,Vegetative,30.580000,21.250000,9.750000,1
2611,Pine,Seedling,85.990000,25.480000,3.620000,0
1763,Pine,Flowering,111.780000,4.180000,1.610000,0
2647,Birch,Flowering,118.180000,6.240000,8.890000,1
1487,Oak,Flowering,58.050000,29.430000,3.890000,0
190,Maple,Seedling,18.910000,10.800000,0.320000,0
2754,Pine,Seedling,38.570000,27.840000,1.670000,0
1076,Birch,Vegetative,289.530000,14.220000,1.200000,1
894,Oak,Vegetative,144.650000,12.250000,4.630000,0
532,Birch,Flowering,189.990000,15.000000,8.750000,1
646,Oak,Vegetative,260.940000,18.370000,8.610000,0
2396,Maple,Seedling,133.580000,12.840000,3.410000,0
2153,Birch,Flowering,247.720000,19.200000,4.350000,1
722,Maple,Seedling,174.400000,18.520000,4.880000,0
1765,Maple,Vegetative,57.340000,5.960000,1.590000,0
1006,Pine,Flowering,295.860000,3.080000,2.010000,0
2456,Pine,Vegetative,70.800000,13.480000,4.830000,0
1111,Maple,Vegetative,72.550000,24.490000,3.910000,0
2252,Maple,Vegetative,43.720000,3.220000,8.700000,0
2541,Pine,Seedling,215.100000,7.570000,2.880000,0
5,Oak,Seedling,260.570000,26.380000,0.610000,0
1656,Maple,Vegetative,193.390000,9.730000,9.180000,0
1762,Maple,Seedling,20.820000,7.770000,1.770000,0
2470,Pine,Flowering,166.300000,8.570000,3.860000,0
877,Birch,Vegetative,272.470000,24.170000,7.240000,0
788,Oak,Flowering,88.870000,26.980000,6.490000,0
1252,Maple,Seedling,191.060000,29.900000,2.220000,0
2452,Birch,Seedling,287.920000,6.830000,8.260000,1
612,Maple,Vegetative,34.740000,16.580000,1.260000,0
2975,Pine,Flowering,85.380000,15.510000,8.060000,0
1931,Pine,Flowering,114.960000,4.160000,6.750000,0
516,Maple,Vegetative,155.370000,14.850000,1.670000,0
1528,Oak,Seedling,292.550000,17.610000,3.080000,0
1037,Birch,Flowering,281.270000,8.650000,8.420000,0
455,Pine,Seedling,100.690000,20.060000,7.790000,0
2349,Maple,Seedling,60.200000,13.570000,7.750000,0
778,Pine,Flowering,291.150000,18.140000,8.350000,0
1036,Maple,Flowering,21.150000,24.330000,3.350000,0
651,Birch,Vegetative,224.320000,4.860000,2.060000,0
260,Oak,Vegetative,99.210000,16.550000,5.640000,0
2843,Maple,Seedling,144.990000,5.120000,7.550000,0
652,Birch,Flowering,170.990000,14.450000,8.330000,1
1795,Oak,Vegetative,172.840000,11.840000,3.200000,0
172,Pine,Flowering,42.740000,11.880000,6.220000,0
173,Birch,Flowering,229.690000,15.110000,5.380000,1
2680,Maple,Flowering,228.460000,5.520000,5.080000,0
339,Pine,Vegetative,171.570000,14.460000,7.320000,0
2722,Pine,Seedling,12.060000,28.440000,1.460000,0
310,Oak,Seedling,140.040000,1.350000,7.780000,0
697,Oak,Vegetative,208.150000,15.530000,3.120000,0
1074,Pine,Vegetative,112.930000,29.780000,3.520000,0
2070,Maple,Seedling,250.090000,7.560000,4.130000,0
2444,Birch,Seedling,127.310000,3.680000,1.850000,1
1227,Pine,Flowering,124.520000,25.380000,8.950000,0
1398,Maple,Flowering,255.310000,14.540000,3.230000,0
2421,Maple,Vegetative,27.130000,8.940000,7.760000,0
1300,Birch,Flowering,209.500000,17.430000,4.530000,1
1867,Birch,Seedling,211.210000,20.760000,9.630000,0
784,Birch,Vegetative,66.930000,26.830000,5.910000,1
1264,Maple,Flowering,129.140000,8.440000,9.130000,0
1569,Maple,Flowering,207.880000,21.490000,3.090000,0
1389,Oak,Flowering,145.110000,16.280000,5.730000,0
201,Maple,Flowering,160.730000,1.960000,6.300000,0
1725,Birch,Flowering,166.780000,8.330000,7.600000,1
2882,Maple,Vegetative,72.360000,28.750000,3.560000,0
2,Maple,Vegetative,29.690000,23.720000,6.600000,0
1007,Maple,Seedling,289.720000,26.600000,2.410000,0
945,Oak,Seedling,296.850000,29.110000,4.740000,0
1757,Oak,Seedling,208.060000,9.530000,6.660000,0
1133,Pine,Flowering,13.840000,3.490000,4.850000,0
565,Maple,Seedling,11.560000,2.580000,3.510000,1
1467,Pine,Vegetative,155.050000,12.580000,2.850000,0
823,Maple,Vegetative,42.990000,29.260000,3.320000,0
2131,Pine,Flowering,154.130000,16.360000,3.180000,0
300,Maple,Seedling,92.610000,8.710000,5.730000,0
2424,Maple,Flowering,147.540000,20.070000,1.480000,0
775,Oak,Flowering,25.430000,2.330000,9.770000,0
2261,Birch,Vegetative,94.530000,5.850000,1.360000,1
976,Oak,Seedling,246.810000,27.780000,2.610000,0
654,Birch,Flowering,11.730000,14.300000,7.640000,1
1883,Pine,Seedling,32.200000,20.760000,5.600000,0
2880,Birch,Flowering,138.330000,17.980000,5.240000,1
509,Birch,Flowering,128.870000,5.300000,9.510000,1
435,Maple,Flowering,224.370000,17.640000,7.520000,0
1321,Maple,Seedling,63.780000,27.240000,6.750000,0
1952,Birch,Vegetative,245.630000,1.760000,3.950000,1
2739,Birch,Seedling,129.820000,19.530000,3.680000,1
1100,Birch,Seedling,286.790000,13.710000,8.870000,1
2549,Oak,Flowering,270.450000,15.990000,1.900000,0
1617,Birch,Flowering,110.190000,28.570000,1.290000,0
2328,Maple,Seedling,122.810000,0.810000,8.920000,0
182,Pine,Vegetative,103.290000,8.180000,5.640000,0
2343,Pine,Flowering,67.050000,13.150000,7.700000,0
2548,Birch,Flowering,27.160000,18.700000,6.990000,1
833,Birch,Flowering,225.380000,11.320000,7.950000,1
557,Oak,Seedling,132.370000,5.980000,5.450000,0
1092,Maple,Flowering,292.110000,27.470000,1.520000,0
2443,Birch,Seedling,125.180000,13.540000,0.680000,0
1572,Pine,Seedling,216.680000,9.250000,8.630000,0
561,Birch,Seedling,287.430000,27.260000,3.170000,1
814,Maple,Vegetative,215.130000,17.610000,7.670000,0
2314,Oak,Vegetative,38.920000,28.380000,4.180000,0
473,Birch,Flowering,14.590000,21.390000,0.150000,1
886,Oak,Vegetative,195.260000,11.280000,7.710000,0
422,Maple,Vegetative,140.560000,26.320000,2.900000,0
1105,Maple,Vegetative,232.590000,14.490000,8.670000,0
450,Birch,Flowering,176.500000,15.330000,9.200000,1
2635,Pine,Vegetative,179.980000,21.140000,0.520000,0
1050,Maple,Seedling,124.180000,22.640000,8.210000,0
2059,Pine,Vegetative,241.660000,12.520000,3.930000,0
2700,Birch,Vegetative,218.450000,20.420000,5.640000,1
2979,Oak,Seedling,60.940000,28.060000,6.110000,0
311,Oak,Seedling,149.050000,4.220000,1.870000,0
1310,Maple,Vegetative,211.990000,13.970000,7.590000,0
669,Oak,Flowering,229.290000,23.720000,4.670000,0
2769,Pine,Seedling,183.730000,15.100000,1.360000,0
331,Oak,Vegetative,175.220000,22.760000,7.700000,0
2060,Oak,Flowering,52.840000,10.170000,3.490000,0
942,Birch,Seedling,201.890000,2.030000,4.310000,0
2168,Oak,Vegetative,286.110000,9.760000,1.210000,0
120,Pine,Vegetative,31.390000,3.390000,4.180000,0
973,Pine,Vegetative,134.280000,10.710000,7.660000,0
1407,Pine,Vegetative,242.320000,17.750000,6.790000,0
2995,Birch,Flowering,185.850000,5.600000,1.760000,1
2333,Birch,Seedling,203.900000,9.170000,0.330000,1
2670,Maple,Flowering,186.780000,27.310000,5.270000,0
1769,Birch,Seedling,15.180000,7.630000,0.800000,1
1874,Oak,Vegetative,242.080000,16.460000,4.570000,0
2071,Birch,Vegetative,92.890000,21.600000,7.410000,1
579,Birch,Seedling,17.400000,0.860000,2.500000,0
1162,Birch,Vegetative,279.150000,0.710000,4.540000,0
2032,Maple,Seedling,283.930000,18.760000,3.410000,0
448,Maple,Seedling,281.950000,1.580000,8.180000,0
941,Oak,Seedling,146.570000,18.810000,0.830000,0
1372,Pine,Vegetative,272.510000,18.760000,7.190000,0
2386,Oak,Vegetative,234.220000,26.830000,8.820000,0
2043,Maple,Flowering,54.500000,3.010000,8.460000,0
2628,Birch,Vegetative,154.130000,6.090000,9.550000,1
799,Maple,Seedling,61.680000,29.760000,3.170000,0
921,Maple,Seedling,50.600000,23.280000,5.260000,0
2490,Birch,Flowering,86.080000,22.540000,4.370000,1
583,Pine,Vegetative,194.170000,27.650000,5.140000,0
1830,Pine,Flowering,36.730000,27.820000,2.480000,0
2405,Maple,Flowering,128.590000,2.810000,8.170000,0
1833,Oak,Seedling,43.120000,29.660000,1.590000,0
648,Pine,Seedling,163.520000,14.740000,0.300000,0
2372,Oak,Seedling,260.170000,1.380000,7.800000,0
2278,Birch,Vegetative,168.570000,21.780000,1.430000,1
2425,Maple,Vegetative,243.950000,4.190000,3.850000,0
1871,Oak,Seedling,250.880000,15.020000,7.710000,0
1951,Pine,Seedling,208.920000,9.640000,8.420000,0
2959,Pine,Seedling,285.920000,12.400000,1.870000,0
1404,Oak,Seedling,207.040000,1.780000,4.460000,0
1706,Pine,Flowering,230.710000,20.140000,8.380000,0
1943,Birch,Flowering,168.350000,9.010000,5.510000,1
1998,Birch,Vegetative,143.620000,21.980000,4.190000,1
623,Maple,Flowering,195.530000,9.660000,7.950000,0
1587,Pine,Flowering,292.290000,10.900000,7.220000,0
2980,Maple,Seedling,253.120000,6.300000,9.680000,0
850,Pine,Vegetative,59.030000,13.720000,3.860000,0
2999,Oak,Flowering,101.030000,6.100000,4.600000,0
259,Oak,Vegetative,127.700000,18.180000,7.210000,0
586,Oak,Flowering,75.680000,29.860000,8.980000,0
2030,Pine,Seedling,127.250000,5.720000,2.000000,0
1322,Pine,Vegetative,108.880000,22.910000,8.520000,0
730,Birch,Vegetative,266.640000,27.880000,8.250000,0
1602,Maple,Seedling,205.500000,26.220000,8.100000,0
398,Birch,Flowering,81.880000,5.110000,1.000000,1
174,Birch,Flowering,206.110000,24.130000,2.180000,1
1849,Pine,Vegetative,65.610000,17.500000,1.310000,0
1932,Oak,Flowering,29.330000,22.840000,3.700000,0
2205,Pine,Seedling,213.650000,14.930000,9.050000,0
2145,Oak,Vegetative,22.570000,15.980000,8.310000,0
1177,Pine,Flowering,284.540000,20.440000,9.940000,0
1359,Maple,Vegetative,298.060000,12.130000,6.730000,0
958,Pine,Flowering,28.090000,27.080000,8.280000,0
594,Oak,Flowering,260.230000,14.510000,5.020000,0
1500,Maple,Vegetative,295.040000,13.760000,5.310000,0
1593,Oak,Flowering,85.980000,6.680000,7.260000,0
2222,Birch,Seedling,238.100000,26.680000,7.810000,0
1354,Birch,Seedling,30.400000,22.810000,6.000000,1
1350,Pine,Vegetative,217.270000,11.630000,1.830000,0
414,Pine,Flowering,128.160000,5.300000,5.890000,0
2728,Birch,Vegetative,203.200000,22.280000,5.290000,0
856,Birch,Flowering,265.830000,7.230000,4.800000,1
2361,Oak,Vegetative,54.770000,17.670000,1.580000,0
2631,Birch,Vegetative,152.320000,24.320000,5.230000,0
2042,Maple,Vegetative,180.610000,1.310000,0.880000,0
596,Oak,Seedling,266.880000,12.150000,6.770000,0
1964,Maple,Vegetative,70.540000,11.590000,9.520000,0
2564,Birch,Vegetative,92.640000,27.050000,9.790000,1
2942,Pine,Seedling,286.930000,3.400000,6.740000,0
2802,Pine,Vegetative,190.120000,25.060000,3.410000,0
2664,Birch,Vegetative,235.290000,9.490000,2.590000,1
2009,Pine,Vegetative,129.530000,10.700000,4.360000,0
1970,Oak,Vegetative,98.150000,27.930000,9.570000,0
2819,Pine,Flowering,263.430000,28.560000,2.620000,0
153,Pine,Seedling,296.670000,28.700000,3.910000,0
507,Maple,Vegetative,111.790000,26.640000,2.250000,0
2820,Maple,Seedling,218.920000,9.250000,1.900000,0
2883,Birch,Seedling,274.530000,10.480000,3.000000,1
2143,Maple,Vegetative,24.740000,23.910000,8.260000,0
1203,Oak,Flowering,282.190000,21.780000,1.230000,0
2338,Maple,Flowering,125.010000,26.620000,3.470000,0
2727,Maple,Flowering,71.820000,12.660000,3.760000,0
2856,Maple,Flowering,193.510000,17.080000,0.360000,0
237,Pine,Seedling,58.200000,7.700000,0.660000,0
1352,Oak,Vegetative,155.740000,7.490000,3.580000,0
2552,Birch,Seedling,15.710000,8.640000,0.420000,1
329,Oak,Flowering,43.170000,4.360000,7.790000,0
2232,Oak,Seedling,194.510000,27.900000,6.240000,0
1907,Birch,Vegetative,286.230000,13.490000,1.200000,1
187,Oak,Vegetative,226.350000,25.460000,0.820000,0
2112,Birch,Vegetative,181.760000,7.210000,2.860000,0
756,Pine,Vegetative,291.620000,17.290000,2.800000,0
843,Oak,Seedling,171.070000,2.280000,9.050000,0
2170,Birch,Flowering,256.190000,22.500000,1.060000,1
951,Maple,Vegetative,132.070000,16.090000,2.850000,0
2530,Birch,Vegetative,221.190000,8.170000,1.970000,1
1191,Oak,Vegetative,191.400000,2.030000,7.250000,0
812,Oak,Flowering,279.800000,21.410000,3.870000,0
543,Pine,Vegetative,232.550000,23.510000,0.470000,0
2954,Pine,Vegetative,80.160000,15.340000,5.810000,0
1789,Birch,Seedling,231.310000,16.750000,3.450000,1
1249,Birch,Vegetative,38.640000,15.900000,5.710000,1
1224,Pine,Seedling,42.580000,23.950000,4.500000,0
1130,Birch,Flowering,190.550000,22.090000,1.580000,1
570,Pine,Vegetative,14.120000,1.540000,0.940000,0
2025,Oak,Flowering,59.340000,3.680000,4.710000,0
2130,Maple,Seedling,146.190000,11.470000,6.050000,0
2280,Pine,Flowering,123.400000,8.270000,6.180000,0
2134,Maple,Seedling,262.070000,19.560000,4.350000,0
2446,Maple,Flowering,98.240000,3.140000,2.760000,0
1743,Oak,Flowering,265.820000,12.640000,4.470000,0
884,Birch,Flowering,60.310000,11.990000,7.630000,0
863,Oak,Seedling,260.510000,8.180000,3.450000,0
2992,Birch,Flowering,52.910000,12.350000,4.000000,1
2459,Maple,Seedling,57.760000,28.940000,7.420000,0
211,Maple,Seedling,110.800000,10.410000,0.500000,0
2948,Pine,Flowering,145.590000,21.860000,9.590000,0
1288,Pine,Seedling,234.330000,20.460000,1.980000,0
2649,Birch,Flowering,34.510000,4.980000,7.640000,1
2427,Pine,Seedling,206.720000,5.970000,2.060000,0
1033,Birch,Vegetative,42.250000,8.120000,1.100000,1
2938,Pine,Flowering,291.990000,4.170000,0.300000,0
279,Birch,Seedling,256.800000,23.610000,9.730000,1
2178,Oak,Flowering,221.120000,23.400000,1.350000,0
2711,Maple,Vegetative,13.770000,25.390000,2.420000,0
1783,Birch,Vegetative,219.730000,27.570000,2.970000,1
2746,Maple,Flowering,71.710000,28.790000,2.320000,0
846,Maple,Seedling,189.520000,15.590000,7.290000,0
901,Birch,Flowering,221.270000,25.470000,1.050000,1
16,Birch,Flowering,225.640000,26.690000,1.430000,1
1368,Birch,Seedling,33.050000,17.060000,4.090000,1
1938,Pine,Flowering,274.310000,18.830000,2.910000,0
2429,Maple,Flowering,66.040000,26.140000,0.970000,0
459,Pine,Vegetative,86.850000,10.990000,1.380000,0
470,Pine,Flowering,210.050000,14.870000,5.020000,0
2523,Birch,Flowering,288.850000,17.420000,4.410000,1
2011,Pine,Vegetative,27.390000,3.980000,4.660000,0
533,Oak,Vegetative,59.770000,8.250000,5.730000,0
1663,Birch,Vegetative,190.690000,25.240000,2.350000,0
1213,Birch,Flowering,278.480000,22.550000,2.380000,1
724,Pine,Seedling,58.570000,21.140000,3.610000,0
2467,Maple,Vegetative,214.250000,13.150000,9.600000,0
2127,Pine,Seedling,277.450000,27.420000,7.660000,0
1053,Birch,Flowering,107.920000,19.530000,8.350000,1
467,Birch,Flowering,189.140000,26.340000,4.360000,1
2105,Birch,Vegetative,275.400000,19.490000,9.870000,1
887,Pine,Vegetative,67.690000,8.610000,0.440000,0
2401,Oak,Vegetative,146.620000,19.980000,8.690000,0
2317,Oak,Seedling,264.000000,13.650000,2.230000,0
2468,Oak,Flowering,46.610000,22.520000,9.490000,0
337,Pine,Vegetative,38.260000,1.120000,4.820000,0
2550,Maple,Flowering,52.400000,25.620000,2.260000,0
2901,Pine,Flowering,175.760000,14.510000,2.200000,0
2142,Pine,Seedling,168.430000,2.900000,2.920000,0
1108,Maple,Vegetative,57.290000,2.200000,7.780000,0
2289,Birch,Flowering,232.030000,26.090000,2.090000,1
845,Birch,Seedling,166.420000,16.920000,6.270000,1
1001,Oak,Flowering,201.780000,2.940000,2.510000,0
2126,Oak,Vegetative,162.390000,20.080000,9.930000,0
1443,Pine,Flowering,239.880000,5.650000,6.530000,0
1698,Oak,Seedling,231.840000,2.220000,7.000000,0
1775,Pine,Seedling,73.470000,15.220000,1.860000,0
918,Pine,Vegetative,169.660000,15.640000,8.200000,0
1369,Pine,Flowering,172.260000,1.150000,4.890000,0
2514,Oak,Flowering,288.590000,19.160000,7.840000,0
1650,Maple,Flowering,82.100000,15.100000,9.430000,0
2735,Maple,Seedling,23.880000,3.010000,2.450000,0
649,Pine,Flowering,246.740000,12.220000,5.700000,0
141,Birch,Seedling,100.510000,23.200000,4.250000,1
2862,Pine,Seedling,116.540000,21.620000,4.840000,0
167,Pine,Vegetative,260.740000,1.140000,0.230000,0
2373,Maple,Flowering,212.490000,27.460000,6.250000,0
2187,Birch,Flowering,262.770000,29.670000,4.350000,1
2366,Birch,Vegetative,112.980000,3.970000,6.470000,1
481,Pine,Vegetative,105.760000,22.840000,6.710000,0
1815,Pine,Vegetative,103.810000,21.170000,3.180000,0
537,Pine,Seedling,247.400000,26.040000,9.930000,0
1230,Birch,Vegetative,297.530000,8.180000,5.460000,1
1088,Oak,Flowering,154.800000,29.310000,8.090000,0
2643,Oak,Seedling,160.490000,16.140000,9.230000,0
2850,Oak,Flowering,293.990000,15.690000,2.690000,0
1253,Birch,Vegetative,276.110000,15.340000,8.010000,1
630,Birch,Flowering,83.970000,19.310000,9.520000,1
198,Maple,Flowering,137.840000,10.690000,9.250000,0
1481,Oak,Vegetative,121.670000,21.550000,0.820000,0
1061,Oak,Flowering,165.250000,19.800000,1.420000,0
2671,Birch,Flowering,70.430000,1.290000,1.130000,1
1527,Pine,Vegetative,15.640000,2.380000,3.790000,0
2606,Oak,Seedling,76.610000,5.210000,1.540000,0
2988,Birch,Vegetative,119.460000,8.110000,3.230000,1
2791,Birch,Vegetative,243.510000,4.860000,0.290000,1
2339,Pine,Vegetative,207.170000,27.150000,7.160000,0
1059,Oak,Vegetative,71.830000,21.640000,4.840000,0
1463,Oak,Vegetative,217.200000,20.850000,7.250000,0
1406,Birch,Flowering,278.210000,23.840000,6.730000,1
245,Maple,Flowering,163.310000,7.160000,7.700000,0
820,Pine,Flowering,137.640000,7.770000,0.390000,0
8,Maple,Flowering,172.840000,12.180000,7.910000,0
758,Maple,Vegetative,136.780000,4.000000,4.370000,0
1306,Oak,Seedling,288.090000,23.980000,8.750000,0
2858,Oak,Vegetative,91.790000,25.240000,1.870000,0
2918,Oak,Flowering,32.230000,28.520000,3.580000,0
327,Maple,Seedling,21.820000,21.260000,6.280000,0
54,Maple,Vegetative,263.660000,28.420000,9.360000,0
2463,Oak,Flowering,252.590000,11.340000,8.260000,0
1313,Birch,Seedling,47.200000,27.380000,3.570000,0
620,Pine,Seedling,30.210000,7.510000,1.980000,0
1887,Maple,Seedling,102.830000,28.670000,6.970000,0
849,Pine,Flowering,48.770000,18.420000,2.430000,0
1557,Maple,Seedling,294.970000,17.730000,5.880000,0
869,Oak,Vegetative,205.640000,6.710000,4.580000,0
1196,Oak,Seedling,78.400000,9.100000,5.450000,0
1479,Pine,Flowering,26.560000,0.510000,7.600000,0
1286,Pine,Vegetative,107.280000,7.060000,9.690000,0
77,Pine,Seedling,53.740000,25.280000,1.910000,0
975,Maple,Seedling,176.010000,11.690000,1.730000,0
2699,Pine,Flowering,142.410000,27.190000,7.230000,0
875,Oak,Vegetative,192.400000,21.630000,0.700000,0
1753,Birch,Flowering,242.780000,12.970000,8.510000,1
2950,Pine,Seedling,15.910000,1.390000,3.060000,0
1488,Birch,Flowering,235.200000,16.510000,5.870000,1
132,Maple,Flowering,182.840000,14.760000,0.380000,0
2712,Birch,Flowering,12.620000,21.470000,8.820000,1
501,Oak,Flowering,262.070000,20.420000,5.250000,0
1696,Maple,Seedling,81.830000,29.960000,0.730000,0
487,Oak,Flowering,131.620000,5.200000,8.670000,0
1850,Pine,Seedling,116.880000,1.720000,8.960000,0
889,Birch,Vegetative,222.690000,9.760000,5.600000,0
285,Pine,Vegetative,173.370000,7.000000,4.180000,0
1387,Oak,Vegetative,120.880000,19.040000,5.050000,0
1078,Maple,Flowering,87.510000,1.120000,0.420000,0
744,Birch,Seedling,233.000000,8.110000,7.120000,1
752,Birch,Flowering,20.070000,1.170000,8.410000,0
1466,Pine,Seedling,98.380000,6.460000,4.790000,0
1635,Pine,Flowering,245.760000,8.460000,5.180000,0
2887,Pine,Flowering,73.510000,17.280000,0.550000,0
2622,Maple,Flowering,198.910000,20.430000,4.450000,0
851,Pine,Seedling,283.890000,1.750000,0.930000,0
1682,Birch,Vegetative,160.710000,21.230000,3.740000,1
1927,Birch,Flowering,220.820000,0.940000,6.200000,0
116,Birch,Vegetative,267.610000,24.380000,3.490000,0
1380,Pine,Vegetative,130.390000,10.220000,1.290000,0
1275,Birch,Flowering,184.110000,26.960000,1.040000,1
2688,Oak,Vegetative,242.570000,1.700000,1.430000,0
1678,Oak,Seedling,188.400000,11.960000,0.520000,0
587,Maple,Flowering,201.580000,29.640000,1.290000,0
2718,Maple,Seedling,32.540000,7.940000,4.510000,0
451,Oak,Flowering,95.270000,22.860000,9.930000,0
2526,Birch,Flowering,239.270000,4.700000,8.120000,0
156,Maple,Seedling,50.410000,18.260000,1.480000,0
478,Oak,Flowering,163.660000,12.080000,3.780000,0
60,Pine,Vegetative,163.740000,25.390000,1.450000,0
223,Pine,Vegetative,96.860000,25.300000,3.650000,0
126,Maple,Vegetative,147.390000,2.690000,4.410000,0
1151,Oak,Seedling,182.810000,26.270000,4.820000,0
2274,Birch,Vegetative,107.040000,20.000000,0.820000,1
1776,Maple,Vegetative,123.890000,19.140000,8.220000,0
1721,Pine,Flowering,25.020000,19.420000,7.280000,0
2272,Pine,Vegetative,112.750000,9.790000,3.130000,0
519,Oak,Seedling,195.500000,17.880000,5.390000,0
1537,Birch,Vegetative,125.650000,4.810000,7.200000,1
2958,Pine,Seedling,29.070000,10.470000,4.840000,0
2483,Pine,Flowering,225.980000,8.120000,8.870000,0
2069,Maple,Flowering,10.010000,3.180000,3.650000,0
81,Oak,Flowering,231.500000,29.990000,8.200000,0
2536,Oak,Flowering,214.160000,9.190000,2.250000,0
2971,Pine,Vegetative,247.500000,20.560000,8.950000,0
2304,Birch,Vegetative,103.960000,17.800000,4.050000,1
424,Pine,Seedling,213.540000,19.190000,7.180000,0
143,Pine,Seedling,85.600000,2.000000,1.120000,0
2063,Pine,Vegetative,289.540000,23.630000,7.760000,0
344,Maple,Flowering,146.260000,10.800000,5.340000,0
2348,Oak,Seedling,134.560000,26.430000,5.660000,0
916,Pine,Flowering,255.390000,6.850000,5.220000,0
2599,Oak,Seedling,112.910000,9.070000,5.190000,0
2094,Pine,Flowering,235.980000,0.770000,7.550000,0
844,Birch,Vegetative,29.970000,7.040000,1.630000,1
2679,Pine,Seedling,228.420000,23.860000,6.010000,0
2347,Pine,Vegetative,264.210000,1.990000,1.710000,0
1899,Maple,Seedling,236.210000,17.770000,6.810000,0
2529,Oak,Seedling,250.190000,19.160000,1.670000,0
68,Pine,Vegetative,270.460000,28.870000,0.120000,0
90,Maple,Vegetative,74.580000,19.670000,6.810000,0
2602,Maple,Seedling,219.790000,27.110000,7.670000,0
1251,Oak,Seedling,117.590000,19.820000,3.450000,0
1748,Oak,Vegetative,61.910000,3.050000,0.320000,0
1362,Birch,Flowering,148.100000,14.140000,3.110000,1
2141,Oak,Seedling,267.630000,21.130000,2.590000,0
1344,Oak,Flowering,92.680000,12.410000,8.250000,0
2240,Maple,Vegetative,116.980000,29.960000,4.310000,0
1644,Birch,Vegetative,13.520000,18.210000,7.590000,1
1546,Maple,Vegetative,104.890000,5.630000,5.980000,0
1549,Oak,Vegetative,116.630000,2.230000,9.790000,0
2006,Oak,Flowering,101.400000,28.550000,0.620000,0
625,Birch,Vegetative,72.090000,10.840000,2.370000,1
2989,Pine,Seedling,116.750000,3.790000,5.770000,0
1297,Birch,Vegetative,140.170000,18.260000,3.150000,1
2743,Pine,Seedling,39.400000,23.710000,0.640000,0
444,Birch,Vegetative,33.580000,4.070000,3.520000,1
1985,Birch,Seedling,101.530000,5.060000,5.000000,1
2388,Birch,Flowering,132.710000,17.470000,2.720000,1
192,Maple,Vegetative,174.520000,28.950000,5.160000,0
998,Oak,Vegetative,214.090000,6.010000,4.430000,0
2196,Maple,Seedling,82.330000,16.150000,1.490000,0
2149,Pine,Vegetative,57.740000,7.200000,9.810000,0
1576,Pine,Seedling,152.570000,14.600000,3.250000,0
2898,Birch,Flowering,143.920000,24.290000,0.410000,1
163,Maple,Flowering,17.220000,12.850000,6.410000,0
984,Maple,Seedling,39.410000,17.660000,1.590000,0
280,Maple,Seedling,270.500000,0.920000,6.530000,0
1519,Birch,Seedling,13.850000,27.630000,9.170000,0
740,Birch,Vegetative,159.860000,1.000000,7.000000,1
2064,Birch,Seedling,28.110000,8.010000,6.530000,1
2985,Oak,Vegetative,151.020000,1.900000,7.840000,0
1314,Birch,Flowering,239.050000,5.340000,3.700000,1
1277,Pine,Seedling,202.390000,16.820000,6.370000,0
1649,Pine,Vegetative,192.850000,2.890000,8.990000,0
595,Pine,Vegetative,159.830000,18.070000,6.800000,0
1351,Oak,Flowering,18.240000,7.670000,1.350000,0
2156,Oak,Vegetative,169.550000,26.080000,6.190000,0
2119,Maple,Flowering,147.540000,26.980000,6.900000,0
1746,Birch,Flowering,278.670000,25.920000,9.430000,1
1533,Birch,Seedling,266.620000,4.910000,2.680000,1
1021,Oak,Seedling,39.000000,7.630000,3.660000,0
1083,Maple,Flowering,116.640000,23.800000,0.700000,0
1940,Pine,Seedling,223.630000,3.810000,3.710000,0
2721,Pine,Vegetative,77.130000,8.510000,6.800000,0
2255,Oak,Seedling,228.750000,27.510000,1.670000,0
605,Oak,Flowering,219.080000,29.370000,8.060000,0
1633,Birch,Seedling,225.210000,17.390000,9.730000,0
1402,Pine,Vegetative,124.860000,17.550000,9.440000,0
956,Pine,Vegetative,53.340000,7.400000,8.480000,0
2147,Oak,Flowering,37.010000,6.490000,2.980000,0
1745,Birch,Flowering,265.190000,27.900000,2.750000,1
2188,Oak,Vegetative,71.600000,25.640000,9.680000,0
1155,Birch,Flowering,145.730000,10.710000,1.740000,1
1490,Birch,Flowering,44.900000,29.490000,2.470000,1
2082,Maple,Flowering,153.120000,13.270000,8.400000,0
1312,Pine,Seedling,150.640000,21.970000,9.660000,0
1653,Pine,Vegetative,271.750000,2.250000,1.940000,0
497,Birch,Seedling,83.680000,7.600000,4.860000,1
1180,Maple,Vegetative,294.580000,6.410000,3.850000,0
221,Maple,Seedling,226.080000,24.580000,3.330000,0
2994,Birch,Vegetative,97.720000,26.810000,7.490000,1
307,Birch,Vegetative,187.320000,7.560000,1.450000,1
946,Oak,Seedling,298.220000,17.630000,5.890000,0
498,Oak,Flowering,209.050000,3.100000,6.280000,0
2847,Pine,Vegetative,226.010000,5.370000,9.320000,0
1570,Birch,Flowering,230.400000,1.590000,9.320000,1
2936,Pine,Vegetative,189.210000,21.680000,4.810000,0
1285,Birch,Seedling,186.710000,8.140000,2.380000,0
317,Pine,Flowering,25.740000,4.670000,0.660000,0
2302,Oak,Flowering,116.420000,6.820000,9.260000,0
2516,Maple,Seedling,185.510000,0.760000,0.310000,0
699,Pine,Vegetative,147.010000,3.480000,5.330000,0
1891,Birch,Vegetative,103.140000,27.150000,2.720000,0
2448,Oak,Seedling,244.290000,6.800000,2.450000,0
2092,Maple,Vegetative,51.450000,9.330000,6.300000,0
2321,Pine,Flowering,100.960000,12.260000,9.400000,0
2813,Maple,Seedling,229.870000,2.740000,2.830000,0
2409,Oak,Seedling,196.570000,26.370000,1.060000,0
2924,Birch,Seedling,122.710000,27.350000,3.540000,1
962,Maple,Seedling,296.630000,3.810000,3.650000,0
2981,Oak,Flowering,58.380000,25.110000,8.810000,0
2318,Pine,Flowering,237.310000,15.970000,5.610000,0
1374,Pine,Seedling,248.600000,10.970000,9.120000,0
2148,Pine,Seedling,274.700000,6.000000,3.830000,0
1676,Pine,Flowering,243.800000,17.160000,0.860000,0
2826,Maple,Vegetative,142.590000,10.960000,3.110000,0
390,Maple,Seedling,254.220000,5.710000,0.460000,0
1144,Oak,Vegetative,124.360000,23.550000,2.700000,0
418,Birch,Vegetative,187.480000,3.780000,3.730000,1
727,Birch,Seedling,279.710000,16.820000,7.570000,1
1163,Birch,Flowering,83.080000,2.290000,1.430000,0
57,Oak,Flowering,165.990000,2.960000,3.210000,0
488,Maple,Seedling,93.000000,4.170000,1.020000,0
795,Pine,Vegetative,50.780000,26.690000,1.340000,0
1409,Maple,Seedling,22.140000,28.660000,5.000000,0
2963,Pine,Vegetative,219.510000,1.750000,9.110000,0
558,Birch,Vegetative,199.540000,16.980000,0.590000,1
39,Oak,Flowering,284.900000,4.340000,6.650000,0
2220,Pine,Flowering,131.640000,7.270000,2.060000,0
1677,Oak,Vegetative,41.780000,7.090000,3.300000,0
2224,Birch,Flowering,94.280000,6.390000,3.640000,1
388,Oak,Flowering,268.630000,28.890000,0.290000,0
218,Birch,Seedling,128.030000,15.380000,3.040000,1
746,Pine,Flowering,261.240000,14.620000,7.220000,0
1138,Pine,Seedling,134.650000,9.700000,5.230000,0
1128,Oak,Seedling,44.370000,8.290000,7.430000,0
1687,Birch,Flowering,29.930000,22.710000,9.580000,0
1963,Pine,Flowering,296.760000,19.660000,9.010000,0
2940,Maple,Vegetative,80.000000,28.530000,7.110000,0
772,Birch,Vegetative,15.910000,6.210000,0.950000,1
403,Birch,Vegetative,297.870000,20.050000,0.770000,0
2241,Birch,Vegetative,127.650000,2.060000,7.050000,0
346,Pine,Vegetative,287.970000,16.600000,8.190000,0
1408,Pine,Flowering,16.420000,17.140000,2.300000,0
1953,Oak,Vegetative,220.350000,11.740000,7.180000,0
2553,Oak,Seedling,121.840000,27.600000,6.380000,0
1834,Birch,Vegetative,269.420000,23.860000,1.960000,0
384,Maple,Flowering,267.150000,8.010000,0.270000,0
1685,Oak,Vegetative,35.650000,22.960000,6.400000,0
2374,Oak,Vegetative,137.030000,1.840000,3.980000,0
639,Maple,Flowering,22.510000,29.350000,0.340000,0
2243,Oak,Seedling,153.680000,23.060000,5.090000,0
1562,Oak,Vegetative,35.740000,2.220000,9.560000,0
1958,Birch,Seedling,108.750000,4.160000,2.620000,1
158,Pine,Vegetative,287.660000,13.240000,0.660000,0
2966,Maple,Flowering,245.970000,26.150000,0.370000,0
2140,Oak,Vegetative,183.770000,20.720000,4.590000,0
2088,Pine,Vegetative,52.620000,27.390000,9.490000,0
726,Birch,Flowering,211.510000,14.940000,0.100000,1
1444,Oak,Seedling,199.410000,16.030000,2.640000,0
2729,Birch,Flowering,95.040000,13.050000,9.040000,1
2110,Pine,Flowering,105.000000,19.710000,7.310000,0
1437,Oak,Vegetative,75.460000,25.170000,4.500000,0
1012,Pine,Seedling,55.140000,6.660000,7.890000,0
554,Maple,Seedling,90.290000,22.260000,0.920000,0
1962,Oak,Flowering,241.750000,6.690000,9.530000,0
1847,Pine,Flowering,180.470000,4.040000,2.650000,0
2352,Oak,Seedling,175.950000,8.330000,3.480000,0
1794,Maple,Vegetative,93.080000,20.660000,4.160000,0
1496,Oak,Vegetative,228.520000,12.030000,8.890000,0
1726,Maple,Seedling,89.930000,25.800000,9.960000,0
2672,Oak,Seedling,68.950000,22.380000,6.360000,0
1728,Maple,Flowering,245.930000,12.810000,9.480000,0
1346,Pine,Flowering,264.850000,18.590000,1.920000,0
1936,Birch,Flowering,179.490000,17.110000,8.420000,1
265,Maple,Flowering,196.360000,11.140000,6.990000,0
2316,Birch,Flowering,284.380000,24.100000,0.880000,1
2162,Birch,Seedling,266.130000,29.990000,8.340000,0
2253,Oak,Flowering,78.630000,10.370000,4.440000,0
1494,Pine,Flowering,188.950000,21.010000,6.440000,0
1003,Birch,Seedling,87.630000,21.110000,0.750000,1
2246,Pine,Flowering,193.680000,17.110000,6.720000,0
723,Pine,Flowering,187.650000,12.050000,3.390000,0
2319,Birch,Seedling,54.590000,21.810000,2.810000,1
621,Maple,Flowering,240.150000,23.060000,9.470000,0
1686,Birch,Vegetative,212.610000,13.950000,8.670000,1
2943,Pine,Flowering,299.910000,1.300000,8.250000,0
2365,Oak,Flowering,170.010000,12.790000,4.350000,0
1218,Oak,Seedling,56.430000,19.860000,3.820000,0
1441,Maple,Seedling,261.690000,11.370000,2.910000,0
1877,Maple,Seedling,31.580000,11.860000,6.740000,0
1292,Maple,Flowering,142.760000,13.690000,9.490000,0
1175,Maple,Vegetative,217.480000,16.920000,3.620000,0
313,Birch,Flowering,68.480000,16.190000,2.060000,1
1626,Birch,Seedling,235.250000,7.930000,9.560000,1
578,Maple,Vegetative,117.070000,19.470000,3.550000,0
931,Birch,Flowering,248.870000,2.600000,5.270000,1
356,Oak,Vegetative,15.820000,24.160000,1.060000,0
996,Oak,Seedling,170.000000,10.190000,7.250000,0
852,Birch,Flowering,272.070000,8.170000,2.000000,1
1336,Maple,Seedling,83.180000,2.310000,6.560000,0
1348,Birch,Seedling,210.350000,6.950000,3.170000,1
2837,Oak,Flowering,178.730000,12.110000,1.590000,0
93,Oak,Seedling,149.270000,28.620000,3.690000,0
2665,Oak,Seedling,61.170000,2.380000,0.350000,0
1202,Pine,Vegetative,39.040000,17.570000,2.690000,0
2759,Maple,Flowering,248.050000,23.460000,3.750000,0
555,Maple,Seedling,232.970000,17.670000,4.190000,0
2651,Pine,Seedling,284.090000,22.530000,4.780000,0
184,Oak,Vegetative,182.430000,14.160000,6.220000,0
377,Maple,Seedling,66.850000,2.130000,7.140000,0
1547,Birch,Seedling,197.700000,19.270000,4.620000,1
2881,Oak,Flowering,128.060000,19.860000,4.690000,0
186,Pine,Vegetative,166.280000,18.450000,6.160000,0
796,Maple,Seedling,125.070000,23.600000,7.400000,0
759,Oak,Seedling,138.650000,18.290000,1.480000,0
2367,Birch,Flowering,87.300000,22.070000,0.890000,1
1911,Maple,Seedling,271.320000,3.250000,1.070000,0
1898,Maple,Seedling,214.190000,23.510000,3.370000,0
2161,Birch,Flowering,79.440000,23.320000,6.270000,1
607,Birch,Vegetative,139.630000,28.180000,9.460000,1
2575,Oak,Flowering,69.170000,2.810000,7.070000,0
737,Pine,Flowering,246.050000,11.660000,3.110000,0
539,Maple,Seedling,232.630000,8.510000,6.990000,0
2107,Pine,Flowering,86.050000,7.640000,2.900000,0
745,Pine,Flowering,83.000000,16.870000,2.370000,0
91,Pine,Seedling,122.040000,8.210000,9.990000,0
268,Maple,Flowering,158.990000,6.150000,3.150000,0
760,Pine,Flowering,255.210000,22.810000,8.180000,0
1013,Maple,Flowering,202.750000,12.780000,1.130000,0
1375,Maple,Vegetative,219.260000,19.820000,8.860000,0
1738,Birch,Flowering,120.920000,4.630000,1.020000,1
442,Pine,Seedling,77.410000,25.650000,1.260000,0
1473,Birch,Flowering,275.280000,22.870000,9.780000,1
655,Birch,Flowering,99.280000,8.850000,4.840000,1
2668,Oak,Seedling,188.220000,19.200000,9.930000,0
1420,Oak,Vegetative,212.330000,12.320000,5.090000,0
659,Birch,Seedling,221.710000,22.320000,0.240000,1
1472,Birch,Flowering,183.580000,23.700000,3.670000,1
2122,Birch,Flowering,41.690000,1.270000,1.030000,1
2203,Birch,Flowering,178.530000,19.370000,7.610000,1
718,Pine,Vegetative,232.060000,15.780000,2.860000,0
135,Pine,Vegetative,48.220000,24.310000,4.440000,0
2666,Oak,Flowering,141.420000,6.880000,2.970000,0
2655,Oak,Vegetative,279.190000,25.680000,2.960000,0
2621,Birch,Seedling,189.650000,20.300000,5.290000,1
738,Pine,Vegetative,248.610000,29.370000,5.150000,0
1631,Oak,Flowering,77.850000,4.780000,2.950000,0
2305,Oak,Seedling,275.250000,2.040000,2.450000,0
1828,Birch,Seedling,111.430000,1.960000,9.490000,1
2229,Pine,Flowering,284.570000,12.010000,9.680000,0
1724,Oak,Vegetative,95.550000,16.660000,5.130000,0
779,Maple,Seedling,283.110000,10.930000,8.870000,0
2050,Maple,Seedling,267.030000,2.220000,5.580000,0
1615,Maple,Vegetative,207.210000,5.870000,8.360000,0
2657,Oak,Vegetative,204.740000,24.670000,4.470000,0
1008,Oak,Vegetative,100.360000,11.620000,1.840000,0
1909,Birch,Seedling,169.520000,14.540000,2.020000,1
1910,Pine,Seedling,120.710000,17.040000,7.470000,0
11,Pine,Seedling,67.640000,25.030000,5.720000,0
2741,Pine,Seedling,268.450000,11.650000,6.470000,0
839,Pine,Flowering,134.170000,21.250000,6.340000,0
547,Oak,Vegetative,156.890000,22.670000,4.240000,0
2237,Maple,Seedling,155.370000,24.640000,8.070000,0
157,Maple,Vegetative,38.900000,21.170000,4.800000,0
686,Maple,Seedling,245.320000,9.380000,4.490000,0
1174,Birch,Vegetative,279.830000,10.080000,5.040000,1
1564,Maple,Flowering,233.560000,5.170000,5.660000,0
2022,Maple,Vegetative,171.050000,14.530000,5.520000,0
1520,Birch,Vegetative,159.520000,21.760000,9.200000,1
420,Pine,Flowering,18.950000,4.210000,8.300000,0
568,Oak,Vegetative,264.180000,27.530000,1.590000,0
2816,Birch,Seedling,222.530000,14.950000,3.420000,0
1774,Maple,Vegetative,146.200000,17.530000,1.980000,0
2639,Pine,Flowering,69.530000,8.340000,5.430000,0
2097,Maple,Flowering,242.750000,5.980000,2.830000,0
1232,Oak,Flowering,125.090000,5.140000,9.530000,0
46,Pine,Vegetative,286.460000,17.770000,5.870000,0
571,Maple,Flowering,262.000000,18.640000,7.240000,0
320,Birch,Vegetative,220.720000,2.060000,0.890000,1
2726,Oak,Vegetative,197.520000,0.980000,6.740000,0
18,Birch,Flowering,18.460000,12.020000,4.430000,1
2086,Pine,Flowering,215.370000,28.260000,8.380000,0
2535,Maple,Seedling,152.990000,28.760000,9.080000,0
486,Oak,Flowering,97.150000,12.640000,1.680000,0
2667,Pine,Seedling,47.830000,19.460000,2.420000,0
2363,Birch,Vegetative,84.310000,1.090000,6.390000,1
55,Birch,Vegetative,152.980000,18.220000,2.150000,1
2173,Pine,Seedling,77.100000,23.070000,6.500000,0
2414,Maple,Flowering,196.140000,26.200000,8.560000,0
960,Oak,Flowering,285.050000,1.110000,3.760000,0
1113,Pine,Seedling,210.460000,22.320000,5.910000,0
857,Maple,Seedling,290.580000,21.130000,4.330000,0
1559,Birch,Flowering,198.360000,24.160000,7.530000,1
2028,Pine,Vegetative,16.730000,10.440000,5.610000,0
1579,Oak,Vegetative,261.650000,0.690000,6.260000,0
2892,Birch,Vegetative,52.940000,13.130000,7.360000,1
1761,Pine,Seedling,294.880000,5.850000,4.600000,0
1990,Oak,Vegetative,163.570000,16.940000,8.270000,0
2779,Birch,Vegetative,224.070000,9.380000,7.650000,1
1194,Pine,Seedling,108.170000,24.170000,5.070000,0
1421,Birch,Seedling,215.210000,4.040000,7.760000,1
934,Pine,Vegetative,46.690000,23.120000,4.010000,0
970,Maple,Seedling,294.730000,4.420000,7.700000,0
2185,Maple,Flowering,122.590000,12.950000,7.670000,0
2114,Pine,Vegetative,90.680000,4.870000,4.060000,0
2434,Oak,Seedling,214.470000,16.140000,3.490000,0
2753,Birch,Vegetative,41.620000,14.280000,7.810000,1
2397,Pine,Vegetative,165.020000,2.600000,9.340000,0
2845,Oak,Vegetative,63.560000,11.460000,3.510000,0
637,Maple,Flowering,241.500000,8.350000,9.930000,0
2192,Oak,Vegetative,13.680000,2.040000,7.060000,0
1560,Oak,Flowering,60.990000,12.930000,3.470000,0
993,Birch,Vegetative,279.080000,10.170000,7.190000,1
1060,Birch,Flowering,68.460000,24.600000,6.730000,1
2607,Maple,Seedling,108.480000,14.530000,2.650000,0
1403,Maple,Seedling,174.370000,6.140000,4.510000,0
2036,Oak,Flowering,37.860000,1.320000,7.410000,0
2296,Oak,Vegetative,215.740000,19.530000,7.560000,0
1989,Birch,Flowering,265.130000,18.640000,5.970000,1
1475,Maple,Flowering,291.660000,23.310000,9.620000,0
2811,Maple,Vegetative,197.780000,11.600000,4.980000,0
1208,Birch,Seedling,47.990000,5.950000,8.640000,0
1582,Birch,Flowering,76.000000,13.550000,6.590000,1
1238,Oak,Flowering,20.260000,7.180000,3.700000,0
1195,Birch,Flowering,249.130000,22.340000,6.720000,1
1134,Oak,Flowering,94.000000,10.180000,8.620000,0
1411,Birch,Vegetative,148.980000,28.630000,6.670000,1
2182,Maple,Seedling,112.640000,7.360000,2.950000,0
2683,Maple,Flowering,79.960000,7.290000,6.700000,0
189,Pine,Seedling,187.110000,11.090000,3.330000,0
695,Maple,Vegetative,17.630000,21.270000,1.730000,0
2800,Oak,Flowering,53.120000,14.010000,4.770000,0
1530,Maple,Seedling,286.060000,8.500000,1.320000,0
23,Birch,Vegetative,240.720000,23.160000,8.730000,1
2299,Birch,Seedling,297.100000,6.370000,5.720000,0
1153,Birch,Flowering,110.050000,24.000000,2.640000,1
1335,Oak,Flowering,141.480000,8.510000,2.480000,0
1199,Birch,Vegetative,255.630000,14.300000,4.580000,1
1957,Maple,Seedling,104.200000,24.800000,2.990000,0
2676,Birch,Vegetative,150.830000,1.360000,2.050000,1
83,Pine,Vegetative,265.040000,22.670000,0.860000,0
361,Pine,Seedling,285.630000,16.430000,6.440000,0
169,Birch,Seedling,179.550000,21.010000,5.760000,1
171,Pine,Vegetative,154.920000,4.080000,6.840000,0
2613,Oak,Seedling,271.470000,25.550000,4.230000,0
2216,Maple,Flowering,140.420000,13.100000,9.870000,0
236,Oak,Flowering,136.110000,20.400000,3.440000,0
262,Birch,Flowering,252.850000,3.820000,5.550000,1
925,Pine,Flowering,223.000000,23.530000,3.230000,0
2748,Birch,Seedling,270.340000,16.500000,1.370000,1
1629,Birch,Seedling,197.570000,17.240000,1.390000,1
196,Maple,Flowering,89.870000,11.870000,8.890000,0
747,Oak,Vegetative,32.690000,0.820000,3.700000,0
1638,Pine,Flowering,64.360000,19.010000,4.680000,0
584,Pine,Flowering,219.230000,19.360000,6.920000,0
822,Birch,Seedling,158.180000,22.990000,8.230000,1
1433,Oak,Vegetative,173.460000,11.770000,8.080000,0
1146,Birch,Seedling,108.500000,28.520000,5.770000,1
1157,Oak,Vegetative,53.440000,4.490000,0.890000,0
948,Pine,Seedling,142.230000,8.840000,8.710000,0
1186,Birch,Flowering,72.250000,1.990000,4.720000,1
1239,Pine,Flowering,154.320000,14.290000,9.530000,0
1507,Oak,Flowering,248.930000,6.650000,0.180000,0
1385,Maple,Flowering,33.110000,7.740000,6.900000,0
2487,Birch,Vegetative,87.130000,5.440000,7.400000,1
1291,Oak,Vegetative,114.400000,11.930000,0.780000,0
2081,Oak,Flowering,31.330000,13.710000,3.530000,0
2038,Pine,Vegetative,92.210000,26.830000,8.290000,0
2803,Oak,Vegetative,80.060000,9.660000,5.780000,0
2616,Pine,Vegetative,69.820000,5.570000,8.460000,0
2792,Oak,Flowering,182.630000,7.320000,2.820000,0
2780,Birch,Vegetative,185.840000,21.510000,3.690000,1
1986,Oak,Vegetative,54.050000,11.870000,2.970000,0
1158,Pine,Seedling,242.750000,3.170000,5.570000,0
890,Birch,Flowering,46.570000,2.780000,9.830000,0
1149,Maple,Vegetative,239.770000,14.660000,7.240000,0
2186,Oak,Flowering,186.020000,11.060000,9.060000,0
490,Maple,Flowering,197.550000,17.290000,4.550000,0
2937,Pine,Flowering,16.670000,3.490000,6.780000,0
2223,Birch,Flowering,198.610000,2.680000,6.160000,1
312,Pine,Vegetative,181.330000,1.940000,1.360000,0
335,Birch,Flowering,269.850000,12.560000,5.760000,1
1280,Maple,Vegetative,118.000000,2.870000,1.300000,0
2874,Birch,Flowering,36.500000,24.270000,0.190000,1
1150,Pine,Seedling,64.920000,27.830000,3.480000,0
859,Maple,Vegetative,14.960000,9.810000,9.710000,0
2957,Birch,Seedling,97.510000,25.950000,5.820000,1
879,Oak,Vegetative,203.910000,9.030000,7.790000,0
25,Pine,Seedling,100.050000,21.610000,0.920000,0
959,Pine,Seedling,199.860000,2.650000,8.990000,0
2939,Pine,Flowering,87.580000,1.710000,1.820000,0
1136,Pine,Vegetative,281.600000,7.190000,6.510000,0
1799,Birch,Flowering,191.710000,15.680000,6.070000,1
2654,Birch,Flowering,126.540000,25.210000,5.800000,1
1145,Pine,Flowering,216.920000,27.260000,7.200000,0
1616,Oak,Vegetative,288.400000,24.870000,2.270000,0
4,Maple,Seedling,113.770000,28.400000,0.690000,0
1709,Birch,Vegetative,136.190000,7.550000,3.450000,1
253,Oak,Seedling,39.910000,16.940000,3.980000,0
1268,Pine,Vegetative,288.920000,9.760000,9.930000,0
2394,Oak,Seedling,235.140000,22.380000,3.400000,0
64,Pine,Flowering,65.070000,27.440000,5.940000,0
2236,Pine,Flowering,51.960000,23.500000,2.380000,0
494,Birch,Seedling,92.530000,23.680000,5.300000,1
2678,Birch,Vegetative,161.890000,25.990000,8.940000,1
2084,Birch,Flowering,140.770000,1.710000,9.270000,1
100,Oak,Vegetative,293.050000,9.400000,6.600000,0
645,Oak,Vegetative,237.450000,8.280000,0.190000,0
112,Pine,Vegetative,92.980000,10.330000,5.100000,0
2326,Pine,Vegetative,240.530000,6.290000,0.320000,0
254,Birch,Seedling,228.690000,29.440000,9.860000,1
2215,Maple,Seedling,126.500000,17.830000,1.480000,0
741,Pine,Vegetative,140.340000,28.120000,1.660000,0
2661,Oak,Flowering,131.110000,15.560000,9.220000,0
1543,Pine,Flowering,99.630000,28.250000,7.000000,0
940,Maple,Flowering,145.020000,14.530000,8.290000,0
1102,Pine,Seedling,130.100000,10.850000,7.120000,0
1594,Birch,Vegetative,24.070000,14.890000,2.550000,1
400,Maple,Vegetative,209.440000,28.850000,4.610000,0
1181,Birch,Vegetative,80.350000,5.350000,4.430000,1
66,Birch,Seedling,277.320000,21.780000,6.800000,1
599,Birch,Vegetative,290.880000,21.650000,1.450000,1
2520,Pine,Vegetative,227.270000,20.220000,7.130000,0
2955,Oak,Flowering,270.390000,9.590000,7.200000,0
2267,Pine,Flowering,98.930000,20.320000,5.160000,0
2037,Birch,Flowering,81.570000,29.140000,6.400000,0
1641,Birch,Seedling,26.500000,23.930000,8.140000,1
243,Oak,Vegetative,252.620000,0.890000,4.470000,0
634,Maple,Vegetative,122.250000,16.300000,6.970000,0
1023,Pine,Vegetative,140.940000,29.300000,5.500000,0
1835,Birch,Flowering,159.410000,15.400000,4.520000,1
43,Pine,Vegetative,64.690000,23.570000,6.470000,0
2488,Maple,Seedling,255.810000,5.470000,7.410000,0
915,Pine,Vegetative,191.470000,11.200000,6.910000,0
2567,Pine,Seedling,220.250000,24.500000,9.790000,0
963,Oak,Flowering,296.930000,9.610000,1.530000,0
1621,Maple,Flowering,291.260000,14.340000,5.860000,0
909,Maple,Seedling,280.350000,29.250000,1.190000,0
777,Maple,Seedling,258.860000,27.570000,1.720000,0
2840,Maple,Seedling,66.850000,23.100000,2.630000,0
2686,Pine,Vegetative,133.330000,18.990000,3.350000,0
2953,Pine,Flowering,95.460000,11.310000,0.640000,0
2303,Birch,Vegetative,175.300000,8.630000,5.530000,1
1590,Oak,Seedling,236.240000,2.750000,7.820000,0
666,Pine,Seedling,133.660000,21.380000,6.990000,0
2852,Maple,Seedling,94.540000,13.910000,3.500000,0
1665,Pine,Flowering,213.430000,9.260000,9.400000,0
2513,Maple,Seedling,226.320000,0.540000,8.180000,0
2627,Birch,Flowering,195.750000,17.410000,7.880000,1
1599,Birch,Seedling,147.320000,22.020000,0.590000,1
1630,Maple,Vegetative,259.480000,29.200000,6.110000,0
2398,Pine,Seedling,56.060000,20.350000,9.900000,0
1225,Pine,Vegetative,243.830000,21.270000,6.270000,0
2542,Pine,Flowering,36.300000,12.640000,9.200000,0
1965,Oak,Vegetative,31.770000,24.980000,9.270000,0
2783,Birch,Flowering,62.510000,5.320000,9.810000,1
134,Pine,Vegetative,52.350000,4.970000,4.110000,0
681,Birch,Vegetative,165.570000,7.210000,6.340000,0
88,Maple,Seedling,283.430000,12.260000,3.090000,0
798,Pine,Seedling,64.800000,18.650000,7.080000,0
1733,Pine,Seedling,56.830000,29.340000,7.380000,0
1438,Birch,Vegetative,58.620000,8.930000,5.150000,1
102,Oak,Seedling,202.350000,14.630000,3.650000,0
374,Pine,Flowering,153.190000,23.780000,6.010000,0
2990,Oak,Seedling,121.450000,13.040000,3.250000,0
2615,Oak,Vegetative,65.430000,10.860000,8.140000,0
2956,Birch,Vegetative,262.030000,12.130000,0.600000,0
842,Birch,Seedling,193.980000,19.850000,0.930000,0
1360,Pine,Vegetative,54.890000,14.690000,0.460000,0
209,Birch,Vegetative,175.540000,6.480000,9.550000,1
2404,Pine,Flowering,182.720000,16.230000,8.280000,0
804,Birch,Vegetative,113.990000,28.890000,4.370000,1
2951,Birch,Vegetative,33.650000,12.900000,1.160000,1
1031,Pine,Seedling,254.160000,18.330000,6.310000,0
1779,Pine,Vegetative,210.880000,13.810000,7.070000,0
479,Pine,Flowering,237.560000,12.430000,7.300000,0
2335,Birch,Vegetative,290.810000,0.820000,6.860000,1
1273,Oak,Flowering,73.750000,8.330000,8.800000,0
2598,Birch,Flowering,138.860000,4.230000,6.660000,1
680,Birch,Vegetative,251.360000,16.350000,7.490000,1
1670,Maple,Vegetative,32.950000,16.520000,7.530000,0
258,Oak,Seedling,108.540000,13.480000,0.480000,0
1690,Pine,Flowering,298.510000,1.410000,2.240000,0
2325,Oak,Seedling,60.630000,12.070000,8.790000,0
417,Birch,Vegetative,241.080000,2.720000,1.430000,0
1523,Maple,Flowering,93.430000,4.090000,5.280000,0
2640,Pine,Vegetative,64.250000,25.610000,9.750000,0
950,Pine,Seedling,139.690000,20.080000,8.770000,0
685,Maple,Flowering,143.600000,9.430000,0.370000,0
309,Birch,Flowering,222.730000,19.520000,0.990000,1
183,Oak,Vegetative,162.210000,14.980000,4.240000,0
1219,Pine,Flowering,42.150000,22.660000,8.590000,0
2740,Birch,Seedling,138.040000,16.310000,3.420000,0
2320,Pine,Seedling,16.000000,7.050000,7.240000,0
1279,Maple,Vegetative,66.960000,8.140000,7.220000,0
1772,Pine,Seedling,130.600000,21.450000,0.620000,0
1959,Oak,Flowering,294.180000,18.580000,6.720000,0
2208,Oak,Seedling,168.900000,2.870000,9.410000,0
2574,Pine,Seedling,215.840000,3.560000,9.550000,0
2842,Maple,Seedling,85.610000,21.350000,7.210000,0
159,Oak,Seedling,14.920000,11.860000,0.240000,0
2298,Maple,Seedling,208.220000,22.440000,1.280000,0
1838,Maple,Seedling,128.890000,29.940000,9.760000,0
2704,Birch,Seedling,124.580000,7.340000,7.400000,1
569,Maple,Flowering,112.660000,8.660000,8.330000,0
1489,Oak,Vegetative,78.600000,0.630000,6.880000,0
1366,Maple,Flowering,109.510000,29.040000,9.940000,0
2597,Maple,Flowering,225.270000,9.730000,2.720000,0
989,Birch,Seedling,30.230000,1.660000,6.500000,0
438,Maple,Flowering,60.370000,11.340000,7.760000,0
1458,Birch,Seedling,41.190000,29.420000,5.610000,0
1446,Birch,Flowering,249.950000,9.250000,3.740000,1
1585,Pine,Seedling,223.070000,28.660000,6.990000,0
338,Birch,Seedling,128.450000,23.870000,6.280000,1
2151,Birch,Vegetative,235.190000,23.200000,2.680000,1
566,Pine,Flowering,67.100000,7.550000,2.080000,0
825,Oak,Seedling,215.290000,28.350000,4.200000,0
2439,Birch,Vegetative,69.180000,20.790000,0.420000,1
2849,Birch,Seedling,191.870000,12.990000,7.670000,1
35,Oak,Seedling,159.260000,25.470000,8.600000,0
2646,Oak,Seedling,90.040000,5.450000,3.210000,0
1969,Maple,Vegetative,188.740000,10.930000,7.280000,0
2945,Maple,Vegetative,66.620000,24.490000,0.510000,0
923,Maple,Vegetative,77.290000,2.750000,4.220000,0
757,Birch,Flowering,190.040000,21.850000,1.440000,1
1846,Oak,Vegetative,36.550000,1.490000,0.250000,0
2447,Oak,Flowering,296.100000,16.500000,1.400000,0
1606,Birch,Seedling,169.470000,17.080000,0.600000,1
1070,Maple,Flowering,83.720000,8.230000,0.640000,0
1851,Birch,Seedling,245.460000,23.810000,2.550000,1
2089,Birch,Vegetative,124.000000,11.100000,6.080000,0
56,Oak,Flowering,287.290000,29.610000,8.310000,0
1782,Pine,Flowering,171.230000,10.480000,8.240000,0
2090,Oak,Seedling,170.570000,15.710000,8.150000,0
282,Oak,Flowering,236.660000,27.180000,0.290000,0
1096,Maple,Vegetative,113.280000,7.760000,8.220000,0
1311,Maple,Vegetative,80.380000,1.240000,2.860000,0
225,Maple,Vegetative,208.150000,21.610000,9.610000,0
1780,Birch,Flowering,89.120000,28.280000,1.060000,1
2007,Oak,Flowering,78.270000,3.910000,7.190000,0
1701,Maple,Seedling,50.300000,22.480000,0.260000,0
2872,Pine,Vegetative,225.340000,14.790000,0.920000,0
389,Pine,Vegetative,127.830000,16.240000,4.260000,0
292,Maple,Flowering,170.860000,15.570000,7.320000,0
1080,Oak,Flowering,196.530000,8.650000,3.570000,0
1742,Pine,Vegetative,212.510000,22.510000,9.020000,0
2663,Pine,Flowering,217.010000,16.390000,9.060000,0
95,Maple,Flowering,290.110000,20.730000,8.390000,0
2864,Birch,Seedling,30.470000,7.860000,1.030000,0
862,Oak,Seedling,155.710000,3.840000,5.590000,0
1029,Maple,Vegetative,58.520000,23.170000,7.500000,0
2596,Birch,Vegetative,83.090000,21.020000,6.680000,1
316,Maple,Flowering,234.990000,6.550000,7.010000,0
2169,Pine,Vegetative,25.470000,1.550000,7.510000,0
1112,Oak,Vegetative,56.150000,29.530000,9.150000,0
1627,Maple,Flowering,279.830000,18.740000,6.780000,0
1703,Birch,Flowering,38.990000,6.280000,3.070000,1
719,Oak,Seedling,88.610000,4.670000,6.670000,0
2312,Maple,Vegetative,153.750000,11.940000,1.990000,0
734,Birch,Seedling,290.940000,18.280000,9.350000,1
2132,Oak,Flowering,73.530000,25.720000,4.260000,0
854,Birch,Seedling,254.520000,21.830000,0.700000,1
701,Birch,Vegetative,139.380000,18.480000,2.880000,1
238,Maple,Flowering,147.910000,25.970000,5.150000,0
1865,Pine,Flowering,79.660000,14.760000,4.670000,0
653,Oak,Vegetative,206.620000,1.990000,9.380000,0
736,Maple,Flowering,93.110000,27.040000,5.630000,0
1184,Birch,Vegetative,223.220000,20.940000,1.150000,1
2906,Birch,Flowering,53.050000,14.280000,2.020000,1
2480,Birch,Vegetative,80.610000,14.340000,3.290000,1
2893,Birch,Vegetative,101.120000,3.490000,8.890000,0
2579,Oak,Vegetative,53.390000,20.470000,5.720000,0
2910,Pine,Flowering,143.760000,5.600000,4.750000,0
2210,Oak,Flowering,276.380000,26.210000,1.590000,0
2417,Birch,Flowering,194.820000,28.890000,0.750000,1
273,Birch,Flowering,173.080000,10.020000,2.500000,1
2469,Pine,Vegetative,126.840000,7.320000,2.590000,0
51,Maple,Seedling,26.210000,7.360000,6.540000,0
1480,Pine,Seedling,167.460000,27.560000,2.830000,0
2650,Maple,Flowering,42.160000,6.390000,8.870000,0
181,Birch,Seedling,15.270000,2.650000,8.770000,0
748,Oak,Vegetative,40.340000,0.830000,4.340000,0
819,Birch,Vegetative,173.980000,2.090000,5.650000,1
1205,Oak,Vegetative,239.190000,28.700000,1.640000,0
2742,Oak,Flowering,243.460000,18.940000,3.310000,0
1647,Oak,Vegetative,291.580000,8.090000,4.780000,0
1597,Birch,Vegetative,170.080000,15.760000,4.030000,1
1502,Oak,Vegetative,24.790000,10.500000,8.720000,0
2012,Pine,Vegetative,94.800000,1.610000,1.480000,0
1906,Birch,Vegetative,123.120000,1.970000,8.660000,1
485,Pine,Vegetative,158.270000,16.540000,7.980000,0
1200,Birch,Vegetative,162.040000,21.860000,3.490000,1
563,Pine,Flowering,75.020000,18.640000,6.330000,0
