customer_id,last_login_date,account_creation_date,total_logins,average_session_duration,search_activity_in_high_demand_categories_compared_to_overall_categories,purchase_flag,avg_time_spent_on_page,total_spending,high_demand_search_proportion,days_since_last_transaction_fixed,days_since_last_promotion_response_fixed,gender_promotion_count,logins_to_session_ratio,income_bracket_spending_avg,total_transactions
3,2025-01-29,2023-02-16,297,14.607856,0.625,1,146.0,2080.84,0.625,-1,-1,0,20.331525721502185,512.7524298282362,1
2052,2025-01-19,2023-12-10,15,38.80014,0.4,0,127.83333333333333,936.72,0.4,142,-1,0,0.38659654320834924,501.9012509433962,1
2053,2025-02-03,2020-06-21,694,58.094896,0.333333,0,167.23809523809524,4067.06,0.333333,-1,-1,23904,11.94597198349404,512.7524298282362,1
6,2025-01-22,2021-04-27,940,6.481523,0.75,0,161.0,1594.88,0.75,-1,-1,23904,145.02764242293054,501.9012509433962,1
7,2024-10-24,2021-07-31,394,49.835235,0.333333,0,145.0909090909091,2260.52,0.333333,-1,-1,23904,7.906052815844052,501.9012509433962,1
9,2024-09-17,2024-04-21,514,49.130568,0.222222,1,131.17391304347825,2133.08,0.222222,-1,-1,21722,10.46191853511647,500.284539179862,1
10,2024-05-16,2023-07-25,656,51.54803,0.555556,0,155.92857142857142,3243.7200000000003,0.555556,-1,-1,23904,12.725995542409672,501.9012509433962,1
12,2025-01-07,2022-07-19,141,59.914585,0.6,1,145.3846153846154,4170.679999999999,0.6,-1,-1,0,2.353350190108135,500.284539179862,1
2061,2024-08-24,2024-01-03,80,58.962542,0.545455,0,153.36363636363637,2404.74,0.545455,-1,-1,21722,1.3567936063543529,500.284539179862,1
14,2024-11-07,2023-11-04,811,53.142408,0.777778,1,147.04761904761904,2620.01,0.777778,-1,-1,21722,15.260881667236456,500.284539179862,1
2062,2024-12-25,2023-07-22,447,50.414684,0.818182,0,151.42857142857142,1662.33,0.818182,-1,156,23904,8.86646438168689,501.9012509433962,1
17,2024-10-14,2024-04-18,979,42.720691,0.5,0,122.63636363636364,1127.3899999999999,0.5,-1,-1,23904,22.916295993433252,512.7524298282362,1
2065,2024-08-28,2022-02-04,124,54.241493,0.666667,0,183.7,3718.9300000000003,0.666667,-1,-1,23904,2.286072767207938,501.9012509433962,1
19,2025-02-15,2023-12-29,904,44.357399,0.5,0,131.57142857142858,3834.52,0.5,-1,1,21722,20.379914521137724,501.9012509433962,1
2067,2024-06-03,2023-03-17,786,51.806707,0.545455,1,132.7391304347826,3098.95,0.545455,-1,-1,21722,15.171780750318678,500.284539179862,1
2072,2024-08-18,2022-11-10,116,10.283151,0.4,0,161.1875,1980.1900000000003,0.4,-1,-1,21722,11.28058899456013,500.284539179862,1
26,2024-11-02,2021-10-01,19,28.803014,0.4,0,173.1875,1064.35,0.4,-1,-1,23904,0.6596531876837611,500.284539179862,1
27,2024-07-30,2023-06-17,586,7.841795,0.444444,0,153.5,317.91,0.444444,-1,-1,23904,74.72778872694326,501.9012509433962,1
28,2024-07-03,2022-09-23,771,45.638792,0.882353,0,159.75,3756.01,0.882353,-1,-1,23904,16.893523386859144,512.7524298282362,1
2076,2025-04-16,2021-02-27,700,52.268774,0.636364,0,150.23076923076923,1135.57,0.636364,2,346,21722,13.392317179660651,500.284539179862,1
2077,2024-12-04,2023-11-02,82,7.773443,0.5,0,189.25,1333.05,0.5,148,-1,23904,10.5487362549645,500.284539179862,1
2080,2024-04-24,2024-02-23,23,13.245989,0.7,0,148.27272727272728,3456.81,0.7,-1,-1,23904,1.7363746867070478,512.7524298282362,1
2085,2025-03-05,2022-05-16,856,43.033082,0.5,0,160.125,1995.35,0.5,51,110,21722,19.89167310860979,501.9012509433962,1
2087,2024-09-11,2020-07-16,902,50.287204,0.8,1,154.65,2505.26,0.8,-1,59,21722,17.93696861730471,512.7524298282362,1
41,2024-09-18,2023-03-28,357,22.538345,0.636364,0,155.22222222222223,3486.5899999999997,0.636364,-1,-1,21722,15.83967234506349,512.7524298282362,1
42,2025-04-10,2022-09-03,341,10.176235,0.5,1,134.04761904761904,2308.36,0.5,62,82,21722,33.509446273597256,501.9012509433962,1
2091,2024-11-07,2023-07-09,350,39.055353,0.444444,1,155.15,1529.22,0.444444,-1,-1,23904,8.96163965026766,500.284539179862,1
47,2025-02-12,2023-12-29,763,19.987664,0.470588,0,168.21428571428572,3209.88,0.470588,21,-1,23904,38.17354544282914,501.9012509433962,1
2095,2024-06-16,2021-12-25,507,27.054886,0.6,0,161.0,2933.9300000000003,0.6,-1,-1,23904,18.739683471591785,501.9012509433962,1
2096,2024-08-30,2021-01-02,922,30.170239,0.428571,0,117.16666666666667,4825.7699999999995,0.428571,-1,-1,23904,30.55991700960672,512.7524298282362,1
2098,2025-02-25,2021-06-17,263,10.569937,0.666667,1,176.92857142857142,1879.2500000000002,0.666667,-1,-1,21722,24.88188907843065,500.284539179862,1
2100,2024-06-06,2022-08-01,216,47.783788,0.384615,0,131.3846153846154,2727.1099999999997,0.384615,-1,-1,23904,4.520361592094791,512.7524298282362,1
53,2024-12-12,2021-04-12,538,42.729908,0.8,0,168.14285714285714,2733.7999999999997,0.8,-1,50,23904,12.590712809398045,512.7524298282362,1
58,2024-11-12,2022-05-17,258,57.849427,0.7,0,98.8,1150.33,0.7,-1,-1,21722,4.459854027594776,500.284539179862,1
59,2024-10-03,2024-03-07,693,11.072428,0.538462,0,147.2,3615.8100000000004,0.538462,-1,-1,21722,62.58789851692872,512.7524298282362,1
61,2024-08-18,2021-01-24,997,34.533788,0.5,0,143.53333333333333,2769.1099999999997,0.5,-1,8,21722,28.87027626393027,501.9012509433962,1
62,2024-09-04,2020-06-04,825,53.934279,0.8,1,133.625,3414.87,0.8,-1,-1,23904,15.296394339488621,500.284539179862,1
2109,2024-09-29,2023-09-09,309,14.380037,0.666667,0,115.9090909090909,4514.42,0.666667,-1,-1,23904,21.48812273570645,500.284539179862,1
67,2024-12-04,2021-10-13,257,41.159825,0.625,0,182.58333333333334,963.66,0.625,13,-1,0,6.243952689303223,512.7524298282362,1
2115,2025-01-03,2022-08-23,678,33.55482,0.416667,0,163.36363636363637,3561.52,0.416667,-1,-1,23904,20.20574093379133,512.7524298282362,1
2116,2025-01-13,2021-09-04,77,10.192292,0.666667,0,112.14285714285714,3826.8500000000004,0.666667,-1,-1,23904,7.554728612563298,500.284539179862,1
70,2024-11-26,2022-05-21,652,58.861429,0.571429,0,139.76470588235293,1752.52,0.571429,18,-1,23904,11.07686325454314,501.9012509433962,1
71,2024-11-01,2021-01-29,231,34.275534,0.142857,1,195.1875,3465.16,0.142857,-1,89,21722,6.739501126371948,512.7524298282362,1
2117,2025-04-21,2021-09-05,251,57.419254,0.5,0,164.66666666666666,2154.73,0.5,12,-1,23904,4.371355991493724,500.284539179862,1
73,2025-01-28,2022-02-09,821,21.238109,0.166667,0,165.58823529411765,3477.6000000000004,0.166667,-1,108,23904,38.65692562365133,501.9012509433962,1
2118,2024-05-21,2021-03-14,136,35.942881,0.625,0,171.0,1699.1299999999999,0.625,-1,-1,23904,3.783781272291445,512.7524298282362,1
2123,2024-06-23,2022-10-24,880,49.87841,0.6,1,146.8421052631579,2539.5299999999997,0.6,-1,-1,23904,17.642904013981198,512.7524298282362,1
78,2024-10-12,2023-04-27,456,9.256993,0.615385,0,146.16666666666666,3539.4999999999995,0.615385,-1,-1,23904,49.26005669443631,500.284539179862,1
80,2024-10-30,2023-02-09,235,31.561813,0.714286,0,156.44444444444446,5512.599999999999,0.714286,-1,184,21722,7.445706620212216,500.284539179862,1
82,2025-03-21,2022-10-05,373,37.898829,0.857143,0,174.69230769230768,2070.96,0.857143,83,192,21722,9.841992743364182,501.9012509433962,1
84,2025-03-22,2023-08-30,582,33.569426,0.461538,1,193.76923076923077,2106.77,0.461538,24,-1,23904,17.33720439545198,512.7524298282362,1
2133,2024-09-04,2022-03-28,331,59.38312,0.6,1,159.76190476190476,4718.77,0.6,-1,-1,21722,5.57397455707952,512.7524298282362,1
86,2025-01-26,2021-03-14,337,58.040246,0.6,0,158.21052631578948,1827.0499999999997,0.6,-1,-1,23904,5.80631584504311,500.284539179862,1
87,2024-12-17,2023-09-18,174,56.136641,0.538462,0,159.22222222222223,3156.2999999999997,0.538462,-1,80,23904,3.0995798270153,501.9012509433962,1
2135,2025-01-14,2020-05-15,702,5.3475,0.777778,1,153.76470588235293,2787.49,0.777778,4,-1,21722,131.27629733520337,501.9012509433962,1
2137,2024-05-08,2021-06-04,903,12.875916,0.727273,1,161.05,894.0,0.727273,-1,-1,21722,70.13093282062418,501.9012509433962,1
94,2024-04-26,2023-04-24,11,15.564911,0.545455,0,166.8235294117647,1875.3000000000002,0.545455,-1,-1,21722,0.7067178219008127,501.9012509433962,1
96,2025-02-21,2020-06-11,567,47.07453,0.769231,0,165.15384615384616,5356.8099999999995,0.769231,-1,199,23904,12.044729920829798,501.9012509433962,1
97,2025-01-16,2021-06-14,461,30.499997,0.75,0,152.1764705882353,1220.08,0.75,51,13,21722,15.114755585057926,500.284539179862,1
2146,2024-05-20,2021-11-11,867,33.98116,0.4,0,145.0,1370.5,0.4,-1,-1,23904,25.514137834023323,501.9012509433962,1
101,2024-06-08,2021-04-24,270,15.122465,0.666667,1,211.88888888888889,1534.8,0.666667,-1,-1,23904,17.854232097743324,501.9012509433962,1
105,2025-02-06,2020-12-01,274,10.419813,0.888889,0,172.91666666666666,2582.17,0.888889,18,85,21722,26.29605732847605,512.7524298282362,1
107,2024-11-03,2021-11-12,29,11.204739,0.428571,0,181.25,2074.81,0.428571,-1,-1,21722,2.588190586143952,512.7524298282362,1
2155,2024-08-05,2022-05-18,155,16.538118,0.555556,0,168.71428571428572,3820.8199999999997,0.555556,-1,-1,23904,9.372287705287869,512.7524298282362,1
2157,2024-12-31,2024-03-14,727,29.6016,0.6,0,156.84615384615384,3072.47,0.6,-1,184,21722,24.55948327117453,501.9012509433962,1
110,2024-06-23,2022-06-14,799,10.427818,0.666667,1,174.5909090909091,3592.0399999999995,0.666667,-1,-1,23904,76.62197403138413,512.7524298282362,1
2158,2025-03-29,2022-08-14,115,47.431672,0.7,1,194.1818181818182,2836.18,0.7,-1,-1,23904,2.4245402945103853,512.7524298282362,1
2160,2024-11-04,2022-09-11,80,57.80414,0.666667,0,196.5,2475.1000000000004,0.666667,-1,-1,21722,1.383983915338936,500.284539179862,1
2164,2024-09-12,2022-07-05,695,49.584069,0.416667,0,136.28571428571428,1071.53,0.416667,34,-1,23904,14.016598758766651,512.7524298282362,1
118,2024-08-07,2021-04-13,553,8.290072,0.416667,0,133.23076923076923,1539.21,0.416667,-1,-1,21722,66.70629639887325,500.284539179862,1
2166,2025-04-11,2023-02-10,828,48.097136,0.777778,0,140.46153846153845,689.23,0.777778,84,67,23904,17.21516224999343,500.284539179862,1
2171,2024-11-29,2020-06-12,592,7.243634,0.5,1,173.95454545454547,2309.8100000000004,0.5,-1,-1,21722,81.72693429844743,512.7524298282362,1
124,2024-05-20,2021-09-02,8,33.916479,0.529412,0,119.35714285714286,3058.87,0.529412,-1,-1,23904,0.2358735410005266,512.7524298282362,1
2172,2024-11-15,2024-01-21,222,47.086713,0.833333,1,139.77777777777777,2564.5600000000004,0.833333,-1,119,21722,4.714705823700202,500.284539179862,1
2175,2024-05-08,2022-12-07,19,50.046677,0.3,0,122.75,4909.139999999999,0.3,-1,-1,23904,0.379645585659963,501.9012509433962,1
2176,2024-06-26,2023-01-17,30,8.150216,0.6,0,156.125,2824.72,0.6,-1,-1,21722,3.680884040373899,512.7524298282362,1
129,2024-06-15,2020-09-23,330,11.460441,0.625,0,175.84615384615384,5773.47,0.625,-1,-1,21722,28.794703449893422,512.7524298282362,1
130,2025-02-17,2023-11-12,131,34.610916,0.6,0,179.91666666666666,1701.77,0.6,-1,-1,21722,3.7849330540688375,500.284539179862,1
131,2024-12-19,2023-05-29,250,55.803122,0.705882,0,183.72222222222223,1420.56,0.705882,27,44,21722,4.480036081135388,512.7524298282362,1
136,2024-09-19,2023-12-13,495,25.106512,0.5,0,210.78571428571428,5936.919999999999,0.5,-1,-1,21722,19.7160003747235,512.7524298282362,1
2190,2024-10-14,2023-05-29,840,53.505153,0.5,0,141.36363636363637,2145.5099999999998,0.5,-1,-1,21722,15.699422446282885,512.7524298282362,1
144,2024-07-09,2021-10-05,680,35.757166,0.75,0,193.71428571428572,949.0,0.75,-1,-1,21722,19.017167076384073,512.7524298282362,1
2193,2024-07-22,2021-09-27,353,26.439794,0.555556,0,178.71428571428572,946.8100000000001,0.555556,-1,-1,23904,13.351087379878981,512.7524298282362,1
146,2024-07-17,2022-11-05,959,22.440481,0.384615,0,172.25,3137.6200000000003,0.384615,-1,-1,23904,42.735269355411766,512.7524298282362,1
147,2024-09-09,2022-02-18,823,53.024322,0.555556,1,181.52380952380952,2778.8,0.555556,-1,-1,23904,15.521179129834042,501.9012509433962,1
2194,2024-11-27,2022-11-06,424,13.756744,0.666667,1,159.75,3448.35,0.666667,-1,-1,23904,30.82124665545859,501.9012509433962,1
149,2025-02-04,2024-01-26,417,8.621712,0.538462,0,167.6,1840.4099999999999,0.538462,138,-1,23904,48.36626414800216,500.284539179862,1
150,2024-10-18,2022-01-29,242,14.274691,1.0,0,142.57142857142858,1998.43,1.0,-1,36,23904,16.953081506282693,501.9012509433962,1
2195,2024-05-31,2022-02-18,600,50.486441,0.571429,0,129.23076923076923,2489.75,0.571429,-1,-1,23904,11.884379015744049,500.284539179862,1
152,2025-03-11,2023-05-21,242,28.486152,0.571429,1,173.66666666666666,3407.0299999999997,0.571429,31,-1,21722,8.495355918904034,500.284539179862,1
155,2025-01-02,2021-04-08,819,12.067813,0.444444,0,192.85714285714286,2679.56,0.444444,-1,-1,0,67.86648086111377,501.9012509433962,1
2204,2024-06-19,2023-11-27,924,37.693091,0.454545,0,154.0,2661.8,0.454545,-1,-1,23904,24.513776277992164,512.7524298282362,1
161,2024-05-05,2022-03-14,912,33.338182,0.555556,1,147.03846153846155,5722.77,0.555556,-1,-1,23904,27.356020793215418,501.9012509433962,1
166,2024-07-28,2021-07-22,153,58.017524,0.333333,0,168.875,2753.63,0.333333,-1,-1,21722,2.6371342561947317,500.284539179862,1
2219,2024-12-20,2022-04-26,679,21.636646,0.333333,0,148.72727272727272,1524.8000000000002,0.333333,155,-1,23904,31.381943393629495,512.7524298282362,1
175,2024-10-16,2021-08-18,243,16.919317,0.444444,1,190.33333333333334,2500.69,0.444444,-1,-1,23904,14.362281881709528,512.7524298282362,1
176,2025-01-26,2022-04-14,558,52.718957,0.571429,0,163.92307692307693,5641.22,0.571429,-1,-1,23904,10.584427912714585,512.7524298282362,1
177,2025-04-17,2020-05-05,860,44.966456,0.666667,0,167.1818181818182,5046.960000000001,0.666667,14,180,23904,19.125367585117225,500.284539179862,1
178,2025-02-13,2020-10-06,385,19.863137,0.4,0,157.26666666666668,1689.5100000000002,0.4,0,173,23904,19.382638301291486,500.284539179862,1
2227,2024-08-07,2022-09-15,660,43.025164,0.733333,1,171.6818181818182,2356.82,0.733333,-1,-1,21722,15.339860180428367,501.9012509433962,1
180,2024-09-10,2022-10-04,995,54.99431,0.583333,0,137.1875,1203.5700000000002,0.583333,-1,-1,21722,18.092780871330145,512.7524298282362,1
2233,2024-05-30,2023-03-22,856,37.926823,0.666667,0,117.53846153846153,3108.3199999999997,0.666667,-1,-1,21722,22.569778649796216,512.7524298282362,1
2235,2024-08-14,2023-03-22,371,27.309159,0.444444,1,144.88888888888889,4803.22,0.444444,-1,-1,23904,13.58518583453998,500.284539179862,1
2238,2024-07-08,2021-09-24,341,19.4969,0.75,0,164.27777777777777,838.06,0.75,9,-1,21722,17.48995994234981,500.284539179862,1
191,2024-05-26,2020-04-28,372,45.543242,0.727273,0,189.8,3591.6099999999997,0.727273,-1,-1,21722,8.168061465628643,501.9012509433962,1
194,2024-10-09,2023-05-17,863,25.885514,0.666667,0,148.73333333333332,3711.7000000000003,0.666667,-1,-1,23904,33.33911005205459,501.9012509433962,1
195,2025-03-08,2020-09-07,467,41.242548,0.75,0,162.08333333333334,1793.29,0.75,-1,-1,21722,11.323257719188446,512.7524298282362,1
197,2025-03-30,2023-03-19,801,11.877545,0.9,1,175.23809523809524,3554.73,0.9,39,-1,0,67.4381785124788,512.7524298282362,1
199,2025-01-27,2020-08-05,453,49.768081,0.333333,0,147.3125,1182.77,0.333333,-1,51,23904,9.102219553130851,500.284539179862,1
200,2024-08-19,2020-06-19,90,12.221115,0.6,0,147.875,1733.65,0.6,-1,-1,21722,7.364303502585485,500.284539179862,1
2247,2024-09-06,2020-07-18,770,55.111946,0.8,1,154.0,3586.31,0.8,-1,-1,21722,13.971562535643361,501.9012509433962,1
2249,2025-03-14,2021-09-25,711,21.064298,0.8,0,160.92307692307693,2168.82,0.8,26,127,21722,33.753795165639985,500.284539179862,1
2250,2025-03-01,2020-07-14,246,37.60646,0.818182,0,132.54545454545453,2525.1,0.818182,-1,8,21722,6.541429318260746,501.9012509433962,1
204,2024-05-25,2023-07-28,343,51.854315,0.857143,0,169.28571428571428,5629.150000000001,0.857143,-1,9,23904,6.614685778801629,501.9012509433962,1
2257,2024-08-23,2023-01-02,761,14.468732,0.363636,1,164.5625,1546.21,0.363636,-1,36,23904,52.596177743841,501.9012509433962,1
2259,2024-07-16,2021-01-26,167,48.849976,0.666667,1,139.8181818181818,1401.23,0.666667,-1,-1,21722,3.4186301340250402,500.284539179862,1
2260,2024-11-30,2023-10-30,644,24.104617,0.75,0,160.69230769230768,867.23,0.75,-1,-1,0,26.716873369114307,512.7524298282362,1
216,2025-02-15,2022-10-13,128,21.010351,0.222222,0,145.42857142857142,3265.88,0.222222,62,17,21722,6.092235203495648,512.7524298282362,1
217,2024-07-05,2020-10-19,56,9.814956,0.615385,1,137.8421052631579,3471.2299999999996,0.615385,-1,-1,23904,5.705578303152862,501.9012509433962,1
2266,2024-08-09,2024-01-29,111,53.834327,0.5,0,176.63636363636363,3725.26,0.5,-1,-1,23904,2.061881446014919,500.284539179862,1
2271,2024-10-23,2020-12-20,673,12.865309,0.642857,0,109.57142857142857,2078.11,0.642857,-1,-1,23904,52.31121926414671,501.9012509433962,1
224,2024-08-20,2022-09-05,550,20.67133,0.4,0,108.9375,1684.54,0.4,-1,-1,21722,26.606899507675607,501.9012509433962,1
2273,2024-11-29,2022-05-03,666,59.531482,0.714286,0,177.9,1609.8600000000001,0.714286,-1,-1,23904,11.187357976406501,501.9012509433962,1
227,2024-11-24,2022-12-14,302,38.884474,0.714286,0,142.7826086956522,2766.9700000000003,0.714286,-1,-1,23904,7.766595994072082,512.7524298282362,1
229,2024-11-19,2024-01-02,218,47.21281,0.428571,0,184.46153846153845,2859.19,0.428571,-1,-1,21722,4.617390915728168,500.284539179862,1
230,2024-06-03,2020-05-28,111,7.395423,0.6,0,176.23076923076923,3224.25,0.6,-1,-1,0,15.009283444638664,501.9012509433962,1
234,2024-09-11,2022-12-10,225,5.430388,0.666667,1,163.5,5211.0199999999995,0.666667,-1,-1,23904,41.4335034623677,500.284539179862,1
2282,2024-07-28,2022-04-13,383,29.047677,0.875,0,153.46666666666667,477.94,0.875,-1,-1,23904,13.185219596045494,512.7524298282362,1
2284,2024-11-04,2021-04-16,37,52.760486,0.75,0,151.625,1710.73,0.75,-1,87,23904,0.701282395313796,501.9012509433962,1
2285,2024-11-08,2020-06-05,514,27.158746,0.857143,0,139.91666666666666,3851.06,0.857143,-1,-1,23904,18.925763361828267,501.9012509433962,1
240,2024-07-28,2023-03-24,731,26.545119,0.333333,0,148.78571428571428,269.7,0.333333,-1,-1,21722,27.538019324757972,500.284539179862,1
242,2024-06-01,2022-04-21,473,12.897546,0.583333,0,188.63636363636363,4718.5,0.583333,-1,-1,23904,36.673643187626546,512.7524298282362,1
244,2025-01-13,2021-05-05,454,7.589505,0.818182,0,150.6875,2432.0899999999997,0.818182,-1,242,21722,59.819448040418976,512.7524298282362,1
2292,2024-11-16,2020-09-17,455,45.363655,0.647059,0,160.4375,2819.73,0.647059,-1,133,23904,10.030055999676392,501.9012509433962,1
2294,2024-11-03,2020-10-16,921,48.744084,0.636364,0,154.5,894.92,0.636364,-1,-1,23904,18.894600624765047,512.7524298282362,1
249,2024-05-05,2020-10-07,317,48.438349,0.75,0,134.3846153846154,3046.0299999999997,0.75,-1,-1,21722,6.544401420453037,512.7524298282362,1
250,2024-05-08,2021-09-23,308,21.654103,0.714286,0,162.36363636363637,1193.54,0.714286,-1,-1,23904,14.223632352723177,512.7524298282362,1
251,2024-08-21,2021-02-24,339,35.39185,0.666667,0,179.3846153846154,2044.92,0.666667,-1,-1,21722,9.57847640064026,512.7524298282362,1
2297,2024-07-25,2021-07-04,669,8.956516,0.666667,1,127.25,1016.67,0.666667,-1,-1,23904,74.69422261959896,500.284539179862,1
2300,2024-12-22,2021-12-26,958,26.329647,0.615385,0,170.9047619047619,2702.88,0.615385,-1,85,21722,36.38484025251079,500.284539179862,1
2301,2024-08-24,2023-04-11,906,42.088828,0.625,0,133.05263157894737,3340.8,0.625,-1,-1,21722,21.525902313079378,512.7524298282362,1
257,2024-08-24,2022-06-23,785,8.145569,1.0,0,171.1904761904762,1829.4899999999998,1.0,-1,-1,21722,96.37141370971138,512.7524298282362,1
263,2024-07-01,2021-08-24,781,57.637129,0.444444,0,152.8181818181818,269.74,0.444444,-1,-1,23904,13.550293249339328,500.284539179862,1
2313,2024-09-23,2023-10-21,870,53.721303,0.571429,0,154.63636363636363,3315.5599999999995,0.571429,-1,-1,21722,16.194692820462677,501.9012509433962,1
266,2024-08-18,2021-03-31,863,56.024576,0.818182,0,118.0,1498.17,0.818182,-1,-1,21722,15.403954150407134,512.7524298282362,1
267,2024-10-08,2023-08-16,586,42.314092,0.2,1,163.76190476190476,5824.34,0.2,-1,-1,21722,13.848814243727597,501.9012509433962,1
2315,2024-10-01,2021-03-03,425,26.715363,0.307692,0,143.41666666666666,1153.07,0.307692,-1,-1,21722,15.908449381728408,501.9012509433962,1
269,2025-01-07,2021-03-05,430,48.68848,0.428571,0,177.42857142857142,3257.49,0.428571,-1,-1,21722,8.831657919902202,512.7524298282362,1
271,2025-03-12,2021-07-20,391,49.040823,0.666667,0,152.94444444444446,4083.3599999999997,0.666667,15,318,23904,7.972949393610298,500.284539179862,1
277,2024-05-30,2021-10-05,133,47.440499,0.5,0,153.16666666666666,1136.6799999999998,0.5,-1,-1,23904,2.8035118264670866,500.284539179862,1
281,2024-11-29,2021-08-01,810,56.559396,0.5,0,140.47826086956522,1932.1,0.5,-1,-1,21722,14.32122789995848,501.9012509433962,1
2329,2024-07-26,2021-07-26,365,10.001619,0.2,0,149.46666666666667,2706.04,0.2,-1,-1,21722,36.494091606568894,512.7524298282362,1
283,2025-02-27,2024-02-26,210,46.359249,0.75,0,181.35714285714286,1933.6999999999998,0.75,69,-1,23904,4.529840420840294,500.284539179862,1
2330,2024-07-20,2023-01-23,254,32.334292,0.588235,1,173.1875,1771.8600000000001,0.588235,-1,-1,21722,7.855437193429193,500.284539179862,1
2332,2025-03-03,2021-10-08,196,17.030681,0.769231,0,182.0,3253.2799999999997,0.769231,10,293,23904,11.508641374939733,501.9012509433962,1
286,2025-02-14,2023-12-03,448,38.96945,0.75,1,159.5,6179.22,0.75,-1,99,21722,11.496184831964525,512.7524298282362,1
287,2024-07-03,2022-05-30,204,57.82811,0.8,0,149.35714285714286,3116.99,0.8,-1,-1,23904,3.527696132555603,501.9012509433962,1
288,2024-05-21,2022-08-21,256,5.315141,0.857143,0,111.53846153846153,2163.0699999999997,0.857143,-1,-1,21722,48.164291408261796,512.7524298282362,1
2336,2025-01-20,2024-04-21,751,36.53242,0.75,0,155.3684210526316,5752.26,0.75,-1,84,23904,20.557083270147444,501.9012509433962,1
296,2025-01-30,2021-12-09,775,22.810647,0.692308,1,153.45454545454547,3737.2599999999998,0.692308,22,169,23904,33.975362469990436,501.9012509433962,1
297,2024-12-27,2020-05-07,607,22.673886,0.5,0,137.66666666666666,1885.79,0.5,-1,-1,21722,26.770885237757657,500.284539179862,1
298,2024-12-17,2020-07-16,802,41.63457,0.416667,1,158.27272727272728,1994.34,0.416667,-1,-1,21722,19.262838549791677,512.7524298282362,1
2346,2024-06-22,2023-12-01,470,32.57394,0.615385,0,149.71428571428572,3781.8799999999997,0.615385,-1,-1,21722,14.42871203176527,512.7524298282362,1
301,2024-07-27,2021-10-09,677,22.43661,0.727273,0,131.375,3321.92,0.727273,-1,-1,23904,30.173898819830622,500.284539179862,1
304,2025-01-24,2023-08-08,458,11.084266,0.538462,0,179.76470588235293,2277.4300000000003,0.538462,14,24,21722,41.31983119134817,500.284539179862,1
305,2024-09-15,2024-02-03,25,54.398746,0.6,0,163.15384615384616,4821.139999999999,0.6,-1,-1,23904,0.4595694172803174,500.284539179862,1
306,2024-08-28,2023-08-26,465,32.911095,0.571429,0,98.66666666666667,1355.85,0.571429,-1,-1,23904,14.128973830861597,501.9012509433962,1
2354,2025-02-02,2021-03-21,716,42.451646,0.777778,0,178.16666666666666,1629.07,0.777778,24,128,23904,16.866248248654482,512.7524298282362,1
2358,2024-07-14,2024-01-19,244,11.253295,0.583333,0,189.78571428571428,1699.26,0.583333,-1,-1,23904,21.682538314333712,501.9012509433962,1
314,2025-01-17,2022-07-10,962,57.393533,0.25,0,161.53846153846155,3387.8399999999997,0.25,168,253,23904,16.76147032105516,500.284539179862,1
2362,2024-06-30,2023-05-15,749,45.621721,0.428571,1,163.33333333333334,1747.89,0.428571,-1,-1,21722,16.41761826565026,500.284539179862,1
319,2024-10-28,2023-12-21,458,30.817131,0.666667,1,163.6,2134.42,0.666667,-1,-1,21722,14.861863682248682,501.9012509433962,1
321,2024-04-27,2021-12-31,511,18.710353,0.625,0,148.14285714285714,3654.5,0.625,-1,-1,23904,27.31108279998779,501.9012509433962,1
322,2024-07-29,2024-03-01,105,19.277468,0.375,0,148.66666666666666,2114.0,0.375,-1,-1,23904,5.446773404059081,500.284539179862,1
2371,2024-04-25,2020-07-27,157,7.197109,0.5,0,178.52941176470588,2601.6699999999996,0.5,-1,-1,21722,21.81431460882418,500.284539179862,1
328,2024-05-14,2023-01-26,978,33.298415,0.636364,1,155.06666666666666,1937.11,0.636364,-1,-1,21722,29.370767347334702,501.9012509433962,1
2377,2024-05-28,2024-02-14,73,32.425319,0.611111,1,162.15,2151.5899999999997,0.611111,-1,-1,23904,2.2513271187864023,500.284539179862,1
330,2024-12-17,2021-07-15,367,11.254543,0.5,0,143.52941176470588,3050.62,0.5,-1,-1,21722,32.60905396158689,501.9012509433962,1
2378,2024-12-27,2023-04-09,290,39.199386,0.615385,1,168.10526315789474,3083.17,0.615385,-1,64,23904,7.398075061685915,500.284539179862,1
333,2024-09-06,2023-12-10,215,32.839747,0.75,1,142.9375,3937.14,0.75,-1,-1,21722,6.546944469456479,500.284539179862,1
334,2024-10-21,2020-04-24,167,51.47891,0.583333,0,200.15,1527.81,0.583333,-1,-1,21722,3.244046931063614,512.7524298282362,1
2383,2024-12-18,2020-09-26,698,20.823426,0.583333,0,146.625,4999.35,0.583333,-1,-1,21722,33.519940474732635,501.9012509433962,1
340,2024-09-20,2021-02-06,425,23.435162,0.625,0,103.3157894736842,2826.3900000000003,0.625,-1,-1,21722,18.135142398418242,501.9012509433962,1
2389,2024-05-31,2021-08-23,78,19.955955,0.555556,1,160.3125,2352.51,0.555556,-1,-1,21722,3.908607731376424,500.284539179862,1
342,2024-05-03,2021-08-11,908,51.354256,0.470588,1,157.0,2755.96,0.470588,-1,-1,21722,17.68110514540411,501.9012509433962,1
343,2025-02-17,2021-01-31,59,6.45658,0.666667,0,148.83333333333334,5264.96,0.666667,-1,-1,21722,9.137964680992104,500.284539179862,1
2392,2025-03-27,2024-01-07,422,6.464689,0.625,0,167.2,2797.2400000000002,0.625,211,-1,23904,65.27769549316294,512.7524298282362,1
345,2024-11-27,2021-11-09,291,47.100896,0.846154,0,148.66666666666666,3600.7500000000005,0.846154,-1,-1,21722,6.178226418452846,501.9012509433962,1
347,2024-07-31,2023-10-09,35,13.557415,0.636364,0,156.64705882352942,2193.9900000000002,0.636364,-1,-1,23904,2.5816130877457093,512.7524298282362,1
2399,2024-09-19,2020-10-21,218,28.746577,0.625,0,171.73333333333332,1954.5,0.625,-1,-1,21722,7.5835115951370495,501.9012509433962,1
353,2024-08-11,2022-07-07,240,36.003616,0.5,0,137.875,2208.79,0.5,-1,-1,23904,6.665997104290858,501.9012509433962,1
354,2025-04-03,2024-01-22,986,50.53227,0.818182,0,141.54545454545453,4742.63,0.818182,10,114,21722,19.51228393262365,512.7524298282362,1
357,2024-07-21,2021-05-27,173,36.176956,0.75,1,145.25925925925927,1715.4,0.75,-1,24,21722,4.782049656140224,500.284539179862,1
2407,2024-04-24,2020-08-21,912,13.073706,0.875,0,178.38888888888889,559.94,0.875,-1,-1,23904,69.7583378423838,501.9012509433962,1
2408,2025-02-20,2022-12-13,362,13.979797,0.555556,0,124.61111111111111,6093.990000000001,0.555556,-1,236,21722,25.894510485381154,512.7524298282362,1
362,2024-07-04,2022-06-04,807,34.070158,0.615385,0,155.375,3927.54,0.615385,-1,-1,21722,23.686417890988356,501.9012509433962,1
364,2025-04-15,2022-03-04,989,22.991047,0.7,0,182.91666666666666,1729.53,0.7,26,191,23904,43.01674473546159,501.9012509433962,1
365,2024-09-17,2021-12-06,5,45.234224,1.0,0,151.53333333333333,3765.109999999999,1.0,-1,-1,21722,0.11053577485931891,501.9012509433962,1
2412,2024-08-31,2021-12-04,553,9.1386,0.357143,0,129.875,3223.49,0.357143,-1,-1,21722,60.512551156632306,512.7524298282362,1
367,2024-05-08,2021-05-16,87,24.935942,0.6,1,193.89473684210526,3094.4300000000003,0.6,-1,-1,21722,3.4889397801775446,512.7524298282362,1
2415,2025-03-19,2020-11-10,906,31.710226,0.7,0,113.9375,2431.6000000000004,0.7,15,137,21722,28.571224941758537,512.7524298282362,1
370,2025-04-10,2024-02-01,832,46.52129,0.714286,0,143.75,1317.31,0.714286,-1,62,21722,17.88428480809539,501.9012509433962,1
372,2024-12-29,2023-10-01,613,31.132541,0.6,0,132.25,2598.6400000000003,0.6,-1,-1,23904,19.690008599041114,500.284539179862,1
373,2024-06-08,2022-05-17,950,12.414174,0.333333,0,157.72727272727272,4760.77,0.333333,-1,-1,23904,76.52542972250913,512.7524298282362,1
2422,2025-03-24,2022-03-14,329,11.296971,0.5,0,153.61111111111111,2303.39,0.5,8,25,21722,29.122850718126127,500.284539179862,1
376,2025-04-09,2020-11-20,623,17.451143,0.666667,0,171.27777777777777,2671.68,0.666667,58,278,23904,35.69966735130186,501.9012509433962,1
380,2025-03-26,2023-03-31,198,47.283413,0.555556,1,169.04,5064.4800000000005,0.555556,-1,228,23904,4.187514974860211,501.9012509433962,1
2428,2024-07-04,2023-12-26,933,38.741098,0.6,1,158.73684210526315,3393.13,0.6,-1,-1,23904,24.08295190807447,500.284539179862,1
385,2025-02-15,2022-12-21,461,12.739028,0.444444,0,150.1818181818182,4175.04,0.444444,-1,103,23904,36.188004296717146,501.9012509433962,1
387,2024-08-26,2023-07-03,272,20.188327,0.642857,0,154.58823529411765,5225.84,0.642857,-1,-1,21722,13.473132270940528,500.284539179862,1
2435,2024-11-20,2020-07-02,158,22.157752,0.545455,1,152.13636363636363,2255.1800000000003,0.545455,-1,121,23904,7.130687264664755,501.9012509433962,1
2436,2024-05-16,2020-06-06,618,25.539776,0.818182,1,173.11764705882354,3255.83,0.818182,-1,-1,23904,24.19754973575336,501.9012509433962,1
2437,2024-07-31,2022-06-25,752,37.273646,0.666667,1,147.46666666666667,4382.03,0.666667,-1,-1,21722,20.175112464179115,501.9012509433962,1
2438,2025-02-14,2021-01-02,85,52.083031,0.583333,1,163.92857142857142,2605.58,0.583333,-1,8,23904,1.6320094734885917,512.7524298282362,1
393,2025-03-24,2021-08-11,692,23.479244,0.666667,0,142.47368421052633,1432.1200000000001,0.666667,18,230,23904,29.47283992619183,501.9012509433962,1
2441,2025-03-14,2021-10-27,155,40.053098,0.571429,0,120.0,1649.46,0.571429,57,8,21722,3.8698629504264566,501.9012509433962,1
395,2024-12-10,2023-05-10,59,31.611472,0.7,0,141.57894736842104,3305.83,0.7,-1,-1,21722,1.8664110295148546,500.284539179862,1
396,2024-09-28,2023-06-14,125,38.757099,0.888889,0,182.14285714285714,3154.74,0.888889,6,-1,21722,3.225215592116428,512.7524298282362,1
397,2024-07-23,2021-08-16,650,40.077563,0.666667,0,208.5,2968.7799999999997,0.666667,-1,-1,23904,16.21855101319409,501.9012509433962,1
399,2024-04-26,2023-11-11,374,43.662154,0.636364,1,169.71428571428572,2942.69,0.636364,-1,-1,21722,8.565770713006966,501.9012509433962,1
401,2024-12-17,2021-08-16,254,6.382616,0.333333,0,111.10526315789474,2320.34,0.333333,-1,-1,21722,39.79559478433295,501.9012509433962,1
2449,2024-08-17,2024-02-10,642,26.913209,0.571429,0,161.0,1446.93,0.571429,-1,-1,23904,23.854457489628977,501.9012509433962,1
2450,2025-04-15,2022-07-11,858,13.45141,0.444444,0,178.33333333333334,5182.46,0.444444,66,74,23904,63.78513479256078,512.7524298282362,1
2453,2025-04-17,2023-03-01,567,51.094245,0.714286,1,190.0,0.0,0.0,-1,72,23904,0.0,500.284539179862,1
2454,2024-08-15,2020-12-06,146,35.489102,0.363636,0,160.14285714285714,1295.04,0.363636,-1,10,21722,4.113938977661367,501.9012509433962,1
407,2025-01-15,2021-08-28,772,57.933777,0.416667,0,151.5,3224.5999999999995,0.416667,-1,-1,21722,13.32555962992021,500.284539179862,1
409,2024-08-04,2022-08-07,903,19.5022,0.5,0,151.27272727272728,2090.98,0.5,-1,-1,0,46.30246843945812,500.284539179862,1
411,2024-12-22,2021-01-27,583,56.265289,0.6,0,138.625,2146.69,0.6,14,-1,23904,10.361628107873043,500.284539179862,1
413,2024-06-12,2022-01-05,264,57.290017,0.6,0,154.2,4117.719999999999,0.6,-1,-1,23904,4.608132687410444,512.7524298282362,1
2461,2025-02-01,2022-07-11,653,16.485318,0.5,0,124.27272727272727,1652.9900000000002,0.5,108,-1,0,39.611004167465865,512.7524298282362,1
415,2024-12-28,2023-06-06,719,37.022241,0.555556,0,116.84615384615384,717.22,0.555556,161,-1,23904,19.420758457058284,512.7524298282362,1
2464,2025-01-20,2022-08-07,409,58.971908,0.769231,1,186.23076923076923,1149.4199999999998,0.769231,-1,42,21722,6.935505630918369,500.284539179862,1
2465,2025-03-16,2022-01-11,958,47.232848,0.5,0,140.33333333333334,4285.03,0.5,-1,109,21722,20.282494928105965,512.7524298282362,1
2466,2025-03-26,2023-05-27,376,53.62862,0.666667,0,174.6153846153846,3300.5400000000004,0.666667,-1,99,23904,7.011181716031477,501.9012509433962,1
423,2024-06-21,2021-09-19,937,19.147756,0.8,0,121.0,2455.92,0.8,-1,-1,21722,48.93523815532222,500.284539179862,1
425,2025-01-21,2021-05-10,9,25.366721,1.0,0,186.22222222222223,1194.72,1.0,65,-1,21722,0.35479556068756385,512.7524298282362,1
2473,2024-06-20,2021-02-22,776,51.198951,0.727273,1,155.9375,4948.76,0.727273,-1,-1,21722,15.156560531874959,512.7524298282362,1
429,2024-10-27,2023-07-17,936,36.5726,0.285714,0,168.25,2288.87,0.285714,-1,176,23904,25.59293022645368,500.284539179862,1
430,2024-11-22,2024-02-20,651,56.44925,0.5625,0,153.53333333333333,2013.23,0.5625,-1,-1,21722,11.532482716776574,501.9012509433962,1
2478,2025-04-02,2022-06-10,844,21.790543,0.555556,1,144.0625,2845.8499999999995,0.555556,21,116,23904,38.73239872911841,501.9012509433962,1
432,2025-04-03,2022-12-04,555,36.921639,0.454545,0,178.33333333333334,2176.83,0.454545,120,79,23904,15.031835396039705,501.9012509433962,1
2481,2024-08-01,2021-07-02,735,5.511879,0.6,0,160.84615384615384,3970.62,0.6,-1,-1,21722,133.3483554337822,501.9012509433962,1
434,2024-07-22,2022-04-19,57,36.32098,0.555556,0,128.75,409.31,0.555556,-1,-1,21722,1.569340915360764,512.7524298282362,1
2484,2024-06-02,2023-06-22,195,25.857029,0.4,0,154.14285714285714,2192.07,0.4,-1,-1,23904,7.5414696715542995,512.7524298282362,1
437,2024-11-09,2021-01-07,881,21.855062,0.916667,1,165.46666666666667,1608.56,0.916667,-1,-1,21722,40.31102725766689,501.9012509433962,1
2485,2024-10-31,2021-08-23,363,16.107126,0.666667,0,153.55555555555554,4170.129999999999,0.666667,-1,-1,23904,22.536608951839078,512.7524298282362,1
439,2024-06-04,2023-12-20,54,16.147817,0.666667,0,162.45454545454547,616.57,0.666667,-1,-1,23904,3.3441052744157305,501.9012509433962,1
440,2024-10-09,2021-02-22,814,17.814949,0.666667,1,217.76923076923077,5459.969999999999,0.666667,-1,-1,21722,45.691963530179066,501.9012509433962,1
2489,2025-04-11,2022-06-13,225,11.118795,0.583333,1,175.66666666666666,3698.1800000000003,0.583333,21,-1,23904,20.23600579019579,512.7524298282362,1
445,2024-04-24,2023-10-02,732,43.584116,0.625,0,149.07142857142858,1623.75,0.625,-1,-1,23904,16.79510948438188,501.9012509433962,1
446,2025-04-20,2021-11-06,170,10.584336,0.636364,0,204.5,3955.7599999999998,0.636364,-1,-1,21722,16.06147045974353,500.284539179862,1
447,2025-02-14,2020-10-22,774,23.216897,0.538462,0,195.72222222222223,3372.8900000000003,0.538462,-1,-1,23904,33.33778842194114,501.9012509433962,1
2493,2024-09-09,2023-07-27,928,53.484128,0.444444,1,138.13333333333333,2867.1,0.444444,-1,-1,21722,17.350941946739788,500.284539179862,1
2495,2024-06-16,2021-02-14,680,15.13468,0.5,0,159.85714285714286,1813.67,0.5,-1,-1,23904,44.92992253552768,501.9012509433962,1
2497,2024-10-01,2020-11-17,499,28.238317,0.333333,0,163.69230769230768,3748.23,0.333333,-1,-1,21722,17.671024799388718,512.7524298282362,1
2502,2024-09-11,2022-06-26,129,59.980949,0.8,0,157.21428571428572,128.1,0.8,-1,23,21722,2.150682877658371,500.284539179862,1
456,2024-07-09,2022-10-12,589,37.756495,0.6,1,192.44444444444446,4422.849999999999,0.6,-1,-1,0,15.599964986156685,500.284539179862,1
457,2024-12-28,2024-03-29,396,44.194108,0.636364,0,117.77777777777777,3102.57,0.636364,-1,-1,21722,8.960470477195738,501.9012509433962,1
458,2024-09-14,2023-12-09,123,50.713529,0.571429,0,163.1875,2127.71,0.571429,-1,78,23904,2.4253883022023572,512.7524298282362,1
2505,2024-05-27,2021-11-05,142,47.189027,0.6,0,202.63636363636363,418.76000000000005,0.6,-1,-1,23904,3.009174145506327,512.7524298282362,1
2507,2024-07-02,2022-12-04,178,17.478039,0.75,0,145.875,2009.36,0.75,-1,-1,21722,10.184208880641588,500.284539179862,1
461,2025-01-11,2023-12-29,982,12.495402,0.571429,0,132.78571428571428,2245.9900000000002,0.571429,-1,-1,23904,78.58890814397168,512.7524298282362,1
2510,2024-07-20,2023-08-19,209,8.434537,0.571429,0,160.69230769230768,355.64,0.571429,-1,-1,23904,24.779072046278294,501.9012509433962,1
464,2025-03-24,2021-04-22,526,21.83669,1.0,0,113.84615384615384,2582.14,1.0,-1,96,21722,24.08789976869205,501.9012509433962,1
2515,2024-06-21,2021-06-04,629,12.113886,0.625,0,195.10526315789474,2237.28,0.625,-1,-1,21722,51.923883054537576,500.284539179862,1
469,2025-01-29,2021-11-25,969,23.262752,0.416667,0,145.57142857142858,4783.39,0.416667,-1,-1,21722,41.654572941326975,500.284539179862,1
2518,2024-06-20,2021-05-08,504,37.921769,0.4,0,169.66666666666666,888.16,0.4,-1,16,21722,13.290519226568783,501.9012509433962,1
471,2025-03-09,2022-10-10,720,56.87048,0.6,0,118.77777777777777,1063.73,0.6,199,206,23904,12.660346809100258,512.7524298282362,1
2521,2024-06-07,2022-10-07,620,58.656765,0.545455,1,135.7058823529412,4727.67,0.545455,-1,-1,23904,10.569965800193721,501.9012509433962,1
474,2024-06-21,2022-02-24,961,58.345738,0.384615,0,137.26666666666668,858.49,0.384615,-1,-1,23904,16.47078317871307,512.7524298282362,1
475,2024-07-07,2022-03-18,171,15.63511,0.461538,0,163.52631578947367,3037.3,0.461538,-1,2,23904,10.936923373100669,500.284539179862,1
2522,2025-01-21,2021-03-02,143,47.87276,0.636364,0,143.85714285714286,3590.55,0.636364,-1,204,21722,2.9870849309711827,501.9012509433962,1
477,2024-08-14,2023-11-21,348,17.247435,0.666667,1,185.53846153846155,3364.74,0.666667,-1,-1,21722,20.176913262754724,512.7524298282362,1
2528,2024-08-26,2021-04-21,449,22.814612,1.0,0,130.08333333333334,2555.54,1.0,-1,-1,23904,19.680369756014258,500.284539179862,1
483,2024-10-26,2022-04-18,541,27.256898,0.416667,0,184.15384615384616,1856.55,0.416667,-1,-1,23904,19.848186686540778,501.9012509433962,1
484,2024-09-30,2023-10-28,643,54.127279,0.714286,0,130.625,3908.58,0.714286,-1,-1,21722,11.87940742411973,512.7524298282362,1
2531,2024-08-10,2023-02-23,241,30.294063,0.75,0,183.0,1602.1399999999999,0.75,14,-1,23904,7.955354156357303,500.284539179862,1
2533,2025-03-24,2022-06-03,493,38.370229,0.454545,0,150.375,3373.57,0.454545,135,-1,21722,12.84850293700358,500.284539179862,1
2537,2024-08-13,2024-03-05,976,6.310929,0.777778,0,125.77777777777777,750.45,0.777778,36,-1,23904,154.65234991551958,501.9012509433962,1
491,2024-05-24,2023-07-07,178,15.61662,0.714286,0,190.46153846153845,4222.099999999999,0.714286,-1,-1,21722,11.398113035983458,500.284539179862,1
492,2024-08-01,2022-12-18,700,16.83402,0.777778,0,174.1875,1227.52,0.777778,-1,20,23904,41.582462180750646,501.9012509433962,1
493,2024-08-08,2023-03-29,99,11.762643,0.5,0,147.46153846153845,2431.28,0.5,-1,-1,21722,8.416475786946862,512.7524298282362,1
2540,2024-06-24,2023-06-24,833,45.041226,0.833333,0,177.28571428571428,2730.07,0.833333,-1,-1,23904,18.494167987345637,500.284539179862,1
495,2024-07-06,2021-12-25,734,57.986958,0.785714,0,177.84615384615384,2926.08,0.785714,-1,-1,23904,12.658018722071953,500.284539179862,1
496,2025-03-17,2022-11-02,970,8.370401,0.333333,0,160.25,1300.96,0.333333,-1,241,21722,115.88453169686854,500.284539179862,1
2546,2025-02-10,2022-07-04,215,12.471315,0.5,0,181.66666666666666,2204.43,0.5,-1,-1,23904,17.239561345375368,501.9012509433962,1
499,2024-05-21,2022-02-14,23,56.608016,0.571429,1,185.05882352941177,2751.59,0.571429,-1,-1,23904,0.40630288120325575,500.284539179862,1
2551,2025-01-05,2022-08-09,248,38.277503,0.545455,0,138.6315789473684,3577.98,0.545455,-1,108,21722,6.47900151689623,512.7524298282362,1
2556,2024-10-18,2023-06-25,147,54.10967,0.733333,0,165.75,3067.12,0.733333,-1,53,23904,2.7167047960189,512.7524298282362,1
2558,2025-04-02,2023-04-17,971,18.772086,0.6875,0,157.45454545454547,1013.15,0.6875,34,63,23904,51.72573788549658,500.284539179862,1
2559,2025-02-07,2022-03-04,167,5.962879,0.923077,0,150.66666666666666,2868.0199999999995,0.923077,-1,9,23904,28.00660553400463,512.7524298282362,1
512,2025-02-13,2021-06-17,350,34.000705,0.615385,0,146.69230769230768,4151.43,0.615385,-1,-1,21722,10.293904199927619,501.9012509433962,1
2561,2024-12-20,2020-11-03,946,29.849809,0.4,0,141.66666666666666,1643.7800000000002,0.4,-1,-1,23904,31.691995081107553,500.284539179862,1
514,2024-04-27,2022-03-06,593,54.595655,0.6,0,137.06666666666666,4896.8,0.6,-1,-1,23904,10.861670218994533,512.7524298282362,1
515,2024-11-06,2021-12-18,996,25.296378,0.818182,0,153.25,1651.3,0.818182,-1,-1,23904,39.37322568472055,501.9012509433962,1
2562,2024-06-04,2022-10-08,137,24.038416,0.625,0,160.8125,2104.83,0.625,-1,-1,21722,5.699210796584933,512.7524298282362,1
517,2024-07-15,2021-08-22,27,28.911,0.75,0,168.27777777777777,4504.56,0.75,-1,-1,23904,0.9339005914703745,512.7524298282362,1
518,2024-07-28,2022-09-05,523,40.658383,0.642857,0,156.07692307692307,1281.33,0.642857,57,-1,23904,12.863275944840206,501.9012509433962,1
2565,2024-07-22,2024-03-24,452,40.185009,0.727273,0,173.05882352941177,1629.2099999999998,0.727273,-1,-1,21722,11.247975582138105,500.284539179862,1
520,2024-10-29,2021-03-22,937,42.393156,0.363636,0,147.4,2767.8199999999997,0.363636,-1,-1,23904,22.10262430096028,501.9012509433962,1
521,2024-09-29,2021-07-28,231,12.340944,0.545455,0,170.8095238095238,5269.99,0.545455,-1,105,21722,18.718179095537586,512.7524298282362,1
2569,2025-02-18,2022-08-15,538,51.199029,0.428571,0,168.4,3607.1300000000006,0.428571,-1,-1,23904,10.508011782801583,512.7524298282362,1
523,2025-04-15,2022-06-22,516,46.837687,0.555556,0,131.0,1641.1399999999999,0.555556,173,140,23904,11.01676946600715,501.9012509433962,1
2572,2025-01-27,2021-07-27,379,15.852895,0.454545,0,179.76470588235293,2676.8599999999997,0.454545,-1,160,23904,23.907305258755578,501.9012509433962,1
525,2024-11-27,2023-09-29,621,18.640289,0.5,0,155.92307692307693,1007.53,0.5,-1,-1,21722,33.314934119315424,501.9012509433962,1
2573,2025-03-07,2022-01-05,785,49.635963,0.333333,0,145.76923076923077,2886.33,0.333333,23,227,23904,15.815145965839326,512.7524298282362,1
528,2025-03-16,2021-11-23,8,54.973253,0.5,0,158.75,3194.04,0.5,1,-1,21722,0.14552531573854652,501.9012509433962,1
2577,2024-09-28,2023-05-11,609,37.724646,0.6,0,149.66666666666666,336.36,0.6,90,-1,21722,16.143292636861325,501.9012509433962,1
2581,2025-03-08,2022-06-14,873,31.524587,0.727273,0,150.69230769230768,2416.3199999999997,0.727273,56,-1,23904,27.692670486055853,501.9012509433962,1
534,2025-03-17,2024-04-07,492,38.054282,0.4,0,173.56521739130434,1723.47,0.4,81,-1,21722,12.928899827882708,512.7524298282362,1
2582,2024-05-01,2022-10-01,169,39.367013,0.2,0,148.7,2248.5199999999995,0.2,-1,-1,23904,4.29293428993457,512.7524298282362,1
2583,2025-04-21,2022-09-16,907,25.788013,0.545455,0,134.2941176470588,2639.31,0.545455,28,49,23904,35.171379818987994,512.7524298282362,1
2584,2025-04-10,2022-01-10,679,19.39105,0.666667,1,145.9090909090909,2199.44,0.666667,37,182,21722,35.01615435987221,501.9012509433962,1
2585,2024-04-29,2020-08-29,331,20.029494,1.0,0,140.0,2753.6800000000003,1.0,-1,-1,23904,16.52562965394932,500.284539179862,1
2586,2025-02-05,2020-10-08,841,13.3409,0.5,0,139.75,1583.42,0.5,2,-1,23904,63.03922523967648,501.9012509433962,1
540,2024-06-06,2023-08-03,234,50.419714,0.384615,0,165.33333333333334,1162.22,0.384615,-1,-1,23904,4.641041795675398,501.9012509433962,1
2587,2024-09-29,2023-11-04,847,9.808627,0.333333,0,136.71428571428572,3230.3,0.333333,-1,112,23904,86.35255474593947,512.7524298282362,1
542,2025-04-21,2022-01-27,586,31.885483,0.555556,0,184.1764705882353,2338.54,0.555556,116,-1,21722,18.37826950904272,500.284539179862,1
2589,2024-06-01,2022-10-17,535,46.618459,0.5,0,219.94736842105263,671.0799999999999,0.5,-1,-1,21722,11.476140813663532,512.7524298282362,1
2591,2024-09-06,2023-02-03,236,48.575862,0.5,0,107.0,1887.92,0.5,-1,-1,21722,4.8583800736258675,501.9012509433962,1
545,2025-01-29,2021-07-09,563,44.069742,0.363636,1,153.4,3421.6400000000003,0.363636,-1,238,23904,12.775205264419293,501.9012509433962,1
548,2024-11-16,2023-01-16,508,27.303953,0.0,0,166.9090909090909,3308.69,0.0,-1,-1,23904,18.605364578528246,500.284539179862,1
549,2025-01-14,2020-07-27,696,43.173161,0.727273,0,141.21428571428572,1379.04,0.727273,-1,-1,21722,16.121126734269005,500.284539179862,1
550,2024-07-22,2021-04-05,103,39.970057,0.692308,0,189.08333333333334,2572.35,0.692308,-1,-1,21722,2.5769290246446235,501.9012509433962,1
551,2024-09-29,2023-01-08,176,44.407008,0.7,0,162.3,2100.06,0.7,-1,-1,23904,3.9633383992004148,500.284539179862,1
552,2024-11-02,2021-10-12,630,42.405087,0.8,0,154.92857142857142,2311.27,0.8,-1,-1,23904,14.856708111458419,500.284539179862,1
2600,2024-09-17,2023-04-28,506,39.067523,0.833333,0,152.4375,2828.85,0.833333,-1,92,21722,12.951934526281587,512.7524298282362,1
2601,2024-12-20,2020-08-16,937,5.46452,0.545455,1,158.2941176470588,2028.63,0.545455,-1,-1,21722,171.4697722764305,512.7524298282362,1
2604,2024-09-15,2023-05-22,309,40.406707,0.625,0,162.53846153846155,900.06,0.625,33,-1,21722,7.647245295193197,500.284539179862,1
560,2025-03-20,2020-05-16,382,24.342693,0.857143,1,172.42857142857142,4493.14,0.857143,-1,-1,0,15.692594077409595,501.9012509433962,1
2610,2024-10-14,2023-09-28,462,15.910996,0.428571,0,142.78571428571428,5328.79,0.428571,-1,-1,21722,29.036522917861333,501.9012509433962,1
2612,2024-10-05,2023-02-22,959,57.335297,0.666667,0,149.5,3540.62,0.666667,-1,-1,23904,16.726171314678986,512.7524298282362,1
2618,2024-11-23,2022-12-24,672,13.653574,0.5,0,169.0,1211.05,0.5,-1,-1,23904,49.21788243869334,512.7524298282362,1
2619,2024-11-05,2021-04-24,451,49.182664,0.666667,0,146.08333333333334,3621.12,0.666667,-1,61,23904,9.169897750963631,500.284539179862,1
2620,2024-09-10,2023-10-07,906,30.882103,0.818182,0,207.33333333333334,1528.0,0.818182,-1,-1,23904,29.337380294340704,500.284539179862,1
574,2024-07-13,2020-12-16,60,18.466771,0.75,0,131.16666666666666,2901.39,0.75,-1,-1,23904,3.2490791162136574,501.9012509433962,1
2625,2024-06-02,2023-05-02,197,16.560378,0.5,0,114.48,725.48,0.5,-1,-1,23904,11.895863729680567,512.7524298282362,1
2626,2024-08-20,2021-10-24,802,42.66172,0.636364,0,158.8235294117647,1033.9,0.636364,-1,-1,0,18.799054515382878,500.284539179862,1
580,2024-06-13,2021-10-03,667,21.862671,0.636364,0,129.66666666666666,2530.4399999999996,0.636364,-1,-1,0,30.50862358034844,512.7524298282362,1
582,2024-08-08,2023-05-03,547,30.311927,0.625,0,143.53846153846155,583.0,0.625,-1,-1,0,18.045701944320463,500.284539179862,1
2630,2024-10-24,2022-06-02,620,32.029753,1.0,1,161.10526315789474,2265.16,1.0,-1,122,23904,19.35700222227752,512.7524298282362,1
2632,2024-10-26,2024-02-17,858,36.679417,0.888889,0,155.05,3074.23,0.888889,-1,-1,23904,23.391865797648855,501.9012509433962,1
2633,2024-10-07,2020-05-17,414,17.991968,0.571429,1,118.27777777777777,4186.33,0.571429,-1,-1,23904,23.010267692783803,501.9012509433962,1
2637,2024-05-23,2023-06-09,535,11.025046,0.833333,0,174.875,3446.64,0.833333,-1,-1,21722,48.52587463127138,512.7524298282362,1
590,2024-11-20,2020-09-28,316,59.379744,0.75,1,133.11764705882354,3092.74,0.75,-1,-1,21722,5.321680066522348,500.284539179862,1
2638,2024-10-29,2021-02-09,296,33.382771,0.636364,0,133.45833333333334,1394.58,0.636364,-1,-1,23904,8.866849309783182,512.7524298282362,1
592,2025-01-10,2023-02-13,306,11.837872,0.692308,0,150.375,1124.25,0.692308,-1,53,23904,25.84924047159827,500.284539179862,1
2641,2024-11-07,2021-02-10,964,13.523056,0.5,0,115.18181818181819,1219.02,0.5,-1,-1,21722,71.2856620574521,512.7524298282362,1
2644,2025-04-23,2020-08-10,902,11.547185,0.6,1,124.5,66.28,0.6,112,223,21722,78.11427633661364,501.9012509433962,1
597,2024-11-04,2022-03-10,926,53.205379,0.285714,0,107.93333333333334,563.34,0.285714,-1,-1,21722,17.404255310351232,500.284539179862,1
2645,2025-02-14,2022-05-01,861,56.57911,0.125,0,140.125,1313.97,0.125,37,87,23904,15.217630676763916,500.284539179862,1
602,2024-11-17,2021-04-06,699,56.227064,0.5,0,162.76470588235293,1343.04,0.5,-1,-1,23904,12.43173572071983,501.9012509433962,1
603,2024-09-13,2024-03-22,650,59.664415,0.7,0,153.25,2787.5199999999995,0.7,-1,-1,23904,10.894265870200856,500.284539179862,1
604,2025-03-10,2022-04-20,392,38.927248,0.3,0,151.66666666666666,1882.6999999999998,0.3,23,256,23904,10.07006711596977,501.9012509433962,1
606,2024-11-03,2020-09-26,863,26.5178,0.3,0,145.76470588235293,1893.45,0.3,-1,-1,21722,32.54417787297589,501.9012509433962,1
608,2024-10-10,2023-06-25,918,59.508124,0.857143,1,168.66666666666666,4857.01,0.857143,-1,128,21722,15.426465132727087,501.9012509433962,1
2656,2024-11-22,2022-12-25,961,9.712319,0.833333,1,170.66666666666666,4372.32,0.833333,-1,-1,21722,98.94650288978357,500.284539179862,1
2658,2024-09-09,2021-07-27,542,34.710585,0.4,0,141.125,3350.52,0.4,-1,-1,21722,15.614833342624447,501.9012509433962,1
611,2024-10-10,2022-01-14,943,32.321162,0.444444,0,186.8,2266.07,0.444444,-1,37,21722,29.175931236630664,500.284539179862,1
614,2024-09-16,2022-08-24,54,55.192261,0.333333,0,169.75,925.91,0.333333,-1,-1,21722,0.9783980402614779,512.7524298282362,1
616,2024-07-24,2020-11-12,789,40.779847,0.5,0,157.6,1360.74,0.5,-1,-1,21722,19.347792060132058,512.7524298282362,1
2669,2024-08-19,2020-09-01,818,46.366274,0.6,0,147.33333333333334,709.1,0.6,-1,-1,0,17.64213359046276,512.7524298282362,1
624,2025-04-09,2022-05-02,225,38.860666,0.666667,1,179.45833333333334,3786.53,0.666667,64,24,23904,5.789916209876588,501.9012509433962,1
626,2024-08-31,2021-10-22,156,40.179793,0.571429,1,145.11764705882354,1579.23,0.571429,-1,-1,23904,3.8825486233838986,500.284539179862,1
2677,2024-07-26,2020-09-29,726,58.857534,0.533333,0,140.1,2073.2099999999996,0.533333,-1,-1,21722,12.334869483318823,501.9012509433962,1
633,2024-10-18,2023-03-22,899,36.189838,0.333333,0,168.875,2869.31,0.333333,-1,-1,21722,24.84122752912019,500.284539179862,1
2682,2024-11-19,2023-01-24,328,22.597459,0.6,0,165.66666666666666,3952.86,0.6,-1,-1,21722,14.514906299863183,512.7524298282362,1
635,2024-06-14,2024-02-03,471,55.291407,0.615385,0,191.13333333333333,5459.35,0.615385,-1,-1,23904,8.518502703322417,512.7524298282362,1
2685,2024-06-16,2020-11-03,53,23.934104,0.444444,0,142.9375,4838.56,0.444444,-1,-1,21722,2.2144133743214285,501.9012509433962,1
2687,2025-01-05,2023-09-19,500,41.728263,0.833333,1,168.1904761904762,2232.12,0.833333,0,-1,21722,11.98228644216511,500.284539179862,1
640,2024-10-31,2021-09-29,324,32.273871,0.571429,0,121.6,4241.48,0.571429,-1,-1,23904,10.039080840349149,512.7524298282362,1
641,2024-08-10,2020-07-21,446,56.110535,0.7,0,161.72727272727272,4435.96,0.7,-1,43,23904,7.948596462322094,500.284539179862,1
642,2024-09-02,2023-05-09,203,5.836261,0.428571,0,187.14285714285714,1225.07,0.428571,-1,-1,21722,34.782543138492265,501.9012509433962,1
2689,2025-02-23,2022-12-06,196,27.846945,0.538462,0,162.11111111111111,1724.58,0.538462,-1,-1,23904,7.038474058824047,512.7524298282362,1
644,2025-02-23,2020-11-01,967,25.646479,0.428571,1,147.625,3006.71,0.428571,-1,-1,23904,37.704980866964235,512.7524298282362,1
2690,2024-09-02,2021-12-16,873,43.557687,0.647059,0,179.6,1036.89,0.647059,-1,-1,21722,20.04238654821134,500.284539179862,1
2694,2025-04-22,2022-08-15,491,54.804468,0.583333,1,153.0,1806.36,0.583333,1,57,21722,8.959123551751292,512.7524298282362,1
647,2025-03-20,2023-08-30,130,20.722815,0.6,0,201.6,741.64,0.6,7,181,23904,6.273278992260463,501.9012509433962,1
2695,2024-12-01,2023-02-17,266,33.630056,0.5,1,138.75,3988.6499999999996,0.5,-1,-1,23904,7.909591348881488,500.284539179862,1
2697,2025-03-29,2023-08-05,272,28.529615,0.461538,0,115.83333333333333,3936.67,0.461538,-1,68,21722,9.533952701429724,501.9012509433962,1
650,2024-12-29,2023-11-19,199,9.651618,0.571429,0,186.54545454545453,5168.6900000000005,0.571429,-1,229,23904,20.618304620012935,500.284539179862,1
2703,2024-07-11,2023-04-14,161,16.755812,0.454545,0,160.76470588235293,2667.92,0.454545,-1,-1,21722,9.608606255548821,500.284539179862,1
656,2024-12-07,2023-04-08,428,29.025434,0.454545,0,142.33333333333334,1473.94,0.454545,-1,-1,23904,14.745688212620696,501.9012509433962,1
657,2025-04-17,2021-10-31,25,39.723606,0.5,1,184.07692307692307,2728.9399999999996,0.5,4,27,21722,0.6293487051502827,501.9012509433962,1
658,2024-12-06,2023-12-29,103,22.379024,0.8,0,129.06666666666666,882.4000000000001,0.8,-1,-1,23904,4.602524220895424,500.284539179862,1
2705,2025-04-24,2020-06-06,711,49.520253,0.75,1,138.95454545454547,2364.19,0.75,193,-1,0,14.357761863615682,501.9012509433962,1
660,2024-07-23,2022-10-06,139,30.430222,0.818182,0,142.22222222222223,1411.2800000000002,0.818182,-1,-1,21722,4.56782733954422,501.9012509433962,1
2706,2025-02-07,2020-04-28,624,59.697709,0.461538,1,154.75,4938.0,0.461538,-1,-1,23904,10.45266242964198,512.7524298282362,1
2709,2024-07-02,2021-06-05,554,26.220034,0.615385,0,126.84615384615384,2285.8,0.615385,-1,-1,0,21.128881831350792,512.7524298282362,1
664,2024-09-29,2021-06-02,676,8.707687,0.666667,0,161.27272727272728,2965.9799999999996,0.666667,-1,28,21722,77.63255615411991,501.9012509433962,1
2714,2024-11-28,2022-05-12,930,40.529977,1.0,0,133.54545454545453,4411.360000000001,1.0,-1,85,21722,22.9459789725516,500.284539179862,1
2715,2024-08-15,2022-03-18,300,7.198371,0.8,0,172.35714285714286,3321.86,0.8,-1,-1,0,41.676095883360276,500.284539179862,1
2716,2025-03-13,2023-01-25,843,38.30759,0.444444,0,179.53333333333333,964.6,0.444444,265,120,23904,22.006082867651035,501.9012509433962,1
2719,2024-10-14,2024-02-28,759,59.845201,0.416667,0,153.0,2573.12,0.416667,-1,-1,23904,12.682721209341413,500.284539179862,1
675,2024-12-17,2022-08-23,442,58.055304,0.666667,0,177.07692307692307,971.4300000000001,0.666667,-1,-1,23904,7.613430118288589,500.284539179862,1
2724,2025-01-11,2024-01-08,876,43.634662,0.615385,0,160.5,2331.76,0.615385,-1,40,21722,20.075782871882907,501.9012509433962,1
677,2024-10-07,2024-02-14,106,57.197111,0.5,0,144.94117647058823,1434.76,0.5,-1,89,23904,1.8532404547495416,500.284539179862,1
678,2024-07-03,2023-04-15,828,39.579324,0.444444,1,146.8125,2040.7,0.444444,-1,-1,23904,20.92001369199737,500.284539179862,1
683,2025-04-23,2022-09-27,451,5.425366,0.5,0,142.85714285714286,3315.19,0.5,63,-1,21722,83.1280322839049,500.284539179862,1
2731,2025-01-26,2021-10-24,765,29.537305,0.5,1,154.93333333333334,4101.92,0.5,-1,-1,23904,25.89945155795358,501.9012509433962,1
2732,2024-09-23,2021-02-02,415,56.048228,0.666667,0,180.0952380952381,1551.92,0.666667,-1,-1,23904,7.40433756442755,500.284539179862,1
2734,2024-09-11,2020-10-07,742,38.456929,0.583333,0,146.66666666666666,2977.9100000000003,0.583333,-1,-1,23904,19.294312346157437,500.284539179862,1
687,2024-10-20,2022-07-11,972,48.590663,0.8,0,138.71428571428572,2850.3199999999997,0.8,-1,-1,23904,20.003843125169954,501.9012509433962,1
2736,2024-11-10,2024-02-21,628,34.875265,0.625,0,120.52631578947368,1177.3200000000002,0.625,-1,-1,23904,18.0070316311575,512.7524298282362,1
2737,2024-05-28,2023-06-03,726,37.587973,0.5,0,165.92857142857142,3008.34,0.5,-1,-1,21722,19.3146887702617,500.284539179862,1
690,2025-03-01,2022-01-08,444,50.049615,0.636364,0,118.5,0.0,0.0,-1,53,23904,0.0,512.7524298282362,1
696,2024-05-24,2022-02-04,879,51.686944,0.5,0,133.86666666666667,603.02,0.5,-1,26,21722,17.00622888441615,500.284539179862,1
2747,2024-10-17,2023-04-28,982,48.403107,0.857143,1,173.64705882352942,2731.48,0.857143,-1,-1,23904,20.28795382907961,512.7524298282362,1
2749,2024-11-14,2022-11-16,728,15.92328,0.625,1,182.69230769230768,2319.63,0.625,-1,-1,23904,45.719223677533776,500.284539179862,1
702,2024-05-28,2021-09-19,84,52.644834,0.25,0,165.05555555555554,5040.57,0.25,-1,-1,21722,1.595598154987059,501.9012509433962,1
703,2024-12-17,2022-11-13,825,23.358823,0.5,0,147.05555555555554,1214.52,0.5,147,-1,23904,35.318560357257724,512.7524298282362,1
2750,2024-10-29,2021-03-05,2,42.77717,0.2,0,156.94444444444446,6989.7,0.2,-1,-1,0,0.046753911023099476,501.9012509433962,1
2751,2024-10-10,2022-06-01,826,38.395478,0.714286,0,188.0,4263.9,0.714286,-1,-1,23904,21.51295004062718,512.7524298282362,1
2752,2024-10-28,2020-07-20,332,37.147164,0.818182,0,152.93333333333334,2157.46,0.818182,-1,183,21722,8.93742520963377,512.7524298282362,1
707,2024-09-28,2023-12-16,993,54.198293,0.818182,0,178.27272727272728,1797.35,0.818182,-1,-1,21722,18.321610239643526,512.7524298282362,1
2755,2024-09-14,2020-10-16,209,50.211223,0.75,0,158.05555555555554,2938.95,0.75,-1,26,23904,4.162416039935932,500.284539179862,1
709,2024-08-04,2022-07-28,741,33.470623,0.857143,0,117.44444444444444,2271.54,0.857143,-1,-1,0,22.13881707549931,501.9012509433962,1
2758,2024-05-22,2023-07-20,195,27.609343,0.909091,1,143.86666666666667,3258.9799999999996,0.909091,-1,-1,21722,7.06282652216679,512.7524298282362,1
712,2025-02-05,2021-04-08,822,58.535587,0.571429,0,151.88888888888889,1215.69,0.571429,-1,-1,21722,14.042739504773396,500.284539179862,1
713,2025-02-12,2022-01-18,20,33.427818,0.615385,0,147.7,877.72,0.615385,-1,135,21722,0.5983040831441645,512.7524298282362,1
2760,2025-02-03,2024-02-23,59,24.410464,0.6,0,167.23529411764707,5375.77,0.6,-1,39,23904,2.4169962520990995,501.9012509433962,1
715,2024-09-13,2021-03-09,410,50.029377,0.5,0,108.07142857142857,709.6600000000001,0.5,-1,-1,21722,8.19518500100451,501.9012509433962,1
2761,2024-05-07,2022-12-26,494,54.980315,0.8,0,209.0,970.72,0.8,-1,-1,21722,8.985034007171476,500.284539179862,1
2762,2024-05-02,2023-03-14,403,52.439344,0.727273,0,152.72727272727272,2964.0,0.727273,-1,-1,21722,7.685069439465146,512.7524298282362,1
2764,2024-12-05,2023-07-20,254,34.625439,0.7,0,138.13333333333333,3718.29,0.7,39,-1,21722,7.335647065731066,500.284539179862,1
720,2024-06-09,2023-01-25,958,47.097474,0.923077,0,169.44444444444446,1814.2700000000002,0.923077,-1,-1,23904,20.340793648508622,501.9012509433962,1
2770,2025-01-21,2021-10-13,135,27.982741,0.6,0,129.0,1284.53,0.6,21,-1,21722,4.824402298545378,500.284539179862,1
2772,2025-01-28,2020-07-15,634,34.74886,0.5,0,161.47368421052633,3121.64,0.5,-1,-1,21722,18.24520286420907,500.284539179862,1
725,2024-05-10,2020-06-08,700,31.244656,0.363636,1,148.66666666666666,168.9,0.363636,-1,-1,21722,22.40383123437173,512.7524298282362,1
2773,2025-04-11,2020-12-30,766,8.954173,0.571429,0,164.57142857142858,3246.2699999999995,0.571429,42,-1,0,85.54670542997103,500.284539179862,1
2774,2025-01-18,2021-09-18,706,20.782472,0.727273,1,148.0625,1602.22,0.727273,115,-1,21722,33.97093473769627,500.284539179862,1
728,2024-05-10,2021-07-27,3,28.864868,0.454545,0,182.72727272727272,2200.87,0.454545,-1,-1,21722,0.1039325729811063,501.9012509433962,1
729,2024-06-09,2023-02-17,694,50.535127,0.647059,0,162.72222222222223,1164.8,0.647059,-1,-1,23904,13.7330217850249,500.284539179862,1
2775,2024-08-05,2020-08-17,827,38.671012,0.6,1,167.14285714285714,3702.87,0.6,-1,-1,23904,21.385527743623573,500.284539179862,1
731,2024-10-08,2023-02-28,432,54.506502,0.714286,0,134.75,2945.7,0.714286,-1,-1,23904,7.925659951541195,501.9012509433962,1
732,2025-02-15,2020-12-30,596,57.852257,0.363636,0,123.64285714285714,1760.73,0.363636,-1,0,21722,10.302104548833764,501.9012509433962,1
2777,2024-05-16,2022-11-01,582,29.626526,0.375,0,159.44444444444446,925.28,0.375,-1,-1,23904,19.6445577183096,501.9012509433962,1
2781,2025-02-01,2022-04-13,971,58.146985,0.375,0,155.5,580.21,0.375,108,-1,21722,16.69906014903438,500.284539179862,1
2784,2024-08-16,2023-06-06,956,39.538748,0.7,0,161.72727272727272,2472.23,0.7,-1,7,23904,24.178813148054157,512.7524298282362,1
2785,2024-09-01,2022-01-02,484,51.537966,0.357143,0,118.36363636363636,125.04,0.357143,93,-1,21722,9.391135071182282,500.284539179862,1
2786,2024-09-20,2023-04-05,687,25.292681,0.714286,1,170.6153846153846,1737.71,0.714286,-1,129,21722,27.162007855157782,500.284539179862,1
739,2025-01-05,2020-08-07,63,35.903459,0.785714,1,149.24,959.61,0.785714,-1,189,23904,1.75470558421683,501.9012509433962,1
2789,2025-03-03,2022-02-09,455,39.322159,0.6,0,173.3125,2901.43,0.6,26,-1,23904,11.571083876650823,512.7524298282362,1
742,2024-08-09,2021-06-12,396,49.208802,0.333333,0,163.10526315789474,1895.9900000000002,0.333333,-1,-1,21722,8.047340798908293,500.284539179862,1
2794,2024-10-24,2020-08-28,781,30.525136,0.833333,0,129.5,2480.7200000000003,0.833333,9,-1,0,25.585471592984877,512.7524298282362,1
2795,2024-12-16,2020-07-26,711,12.343377,0.666667,0,148.3846153846154,2504.22,0.666667,-1,-1,23904,57.601740593356254,501.9012509433962,1
749,2024-05-06,2023-09-11,957,51.828582,0.545455,0,167.1764705882353,1550.55,0.545455,-1,-1,21722,18.46471508713088,500.284539179862,1
750,2024-05-17,2021-08-22,180,15.573402,0.5,0,163.66666666666666,4149.74,0.5,-1,-1,21722,11.558168215268571,501.9012509433962,1
2797,2024-11-05,2024-02-24,741,19.271213,0.769231,0,149.0909090909091,4041.29,0.769231,-1,101,23904,38.45113434219216,501.9012509433962,1
2798,2024-05-18,2021-08-08,787,59.453472,0.615385,1,150.35,4726.6,0.615385,-1,-1,0,13.23724205711653,512.7524298282362,1
753,2025-01-15,2023-11-27,847,7.414156,0.4,0,154.73684210526315,1143.7,0.4,-1,52,23904,114.24091966772751,500.284539179862,1
755,2025-02-14,2021-12-15,681,38.671765,0.7,1,167.3846153846154,1805.9499999999998,0.7,-1,64,21722,17.60974705964416,501.9012509433962,1
2806,2024-10-20,2021-09-22,169,29.371616,0.857143,0,131.8125,3476.79,0.857143,-1,51,23904,5.753854333380907,512.7524298282362,1
2808,2025-01-18,2020-08-27,745,54.435079,0.363636,1,181.8235294117647,3108.6000000000004,0.363636,-1,-1,21722,13.68602771753119,500.284539179862,1
761,2025-03-29,2021-07-07,976,27.275197,0.666667,1,195.53846153846155,1538.68,0.666667,-1,54,21722,35.783426238864564,500.284539179862,1
762,2025-01-02,2024-01-25,839,10.134204,0.666667,0,145.08333333333334,2613.58,0.666667,-1,-1,21722,82.78893931876642,512.7524298282362,1
2809,2024-10-05,2021-03-25,493,39.964437,0.571429,1,145.66666666666666,3242.2599999999998,0.571429,-1,-1,21722,12.335967600394321,512.7524298282362,1
764,2025-03-21,2022-06-11,549,45.831107,0.75,0,116.64285714285714,957.75,0.75,-1,187,21722,11.978763681182738,501.9012509433962,1
765,2024-12-20,2023-05-28,407,9.355035,0.533333,0,142.5,2706.38,0.533333,-1,45,23904,43.5059836761701,512.7524298282362,1
2812,2024-09-28,2023-03-16,908,46.964881,0.571429,0,168.41176470588235,1632.8400000000001,0.571429,-1,-1,23904,19.333595245349393,500.284539179862,1
767,2024-07-01,2021-08-17,143,54.800128,0.7,0,150.41176470588235,4622.16,0.7,-1,-1,23904,2.6094829559522195,500.284539179862,1
768,2024-11-12,2023-08-23,227,10.549202,0.7,0,134.3,4111.35,0.7,-1,-1,23904,21.518215311451996,512.7524298282362,1
2815,2025-02-14,2023-06-26,299,45.029976,0.571429,1,158.7826086956522,3394.2400000000002,0.571429,34,-1,23904,6.640021304919195,501.9012509433962,1
770,2025-04-13,2023-04-08,676,46.56384,0.7,0,161.9090909090909,2388.59,0.7,51,141,21722,14.517703007312113,501.9012509433962,1
2817,2024-10-21,2021-12-21,131,10.744098,0.375,0,133.8125,4686.1900000000005,0.375,-1,-1,21722,12.19274060977478,500.284539179862,1
2818,2025-03-19,2021-09-08,31,57.318315,0.363636,0,168.6875,2739.2,0.363636,-1,21,23904,0.5408393460275307,501.9012509433962,1
773,2025-03-28,2024-02-01,431,50.37447,0.818182,0,100.8,2428.21,0.818182,-1,-1,0,8.555921283142036,501.9012509433962,1
2821,2024-08-14,2021-03-04,299,44.840436,0.625,0,182.66666666666666,3301.3500000000004,0.625,-1,-1,23904,6.668088597532817,500.284539179862,1
2822,2025-04-16,2021-02-02,15,33.676596,0.533333,0,188.9,1566.35,0.533333,214,-1,21722,0.44541318843507816,501.9012509433962,1
2824,2025-03-03,2020-06-20,41,41.88784,0.555556,0,140.25,3317.3799999999997,0.555556,-1,144,21722,0.9788043499020241,501.9012509433962,1
2825,2024-09-26,2021-12-09,417,39.170976,0.666667,0,160.9375,939.22,0.666667,-1,128,21722,10.645637218740733,512.7524298282362,1
2827,2024-06-07,2022-01-02,379,49.32956,0.5,0,144.3846153846154,371.08,0.5,15,-1,23904,7.68302007964393,501.9012509433962,1
780,2025-01-11,2023-08-24,249,36.67491,0.6,0,123.95238095238095,1542.92,0.6,-1,-1,21722,6.7893827142316105,501.9012509433962,1
781,2024-07-17,2022-11-10,111,13.708553,0.777778,0,95.84615384615384,1867.96,0.777778,-1,-1,23904,8.09713468664417,501.9012509433962,1
782,2024-12-07,2021-10-20,957,13.228944,0.428571,0,151.85714285714286,2988.2200000000003,0.428571,-1,146,21722,72.34137509388505,501.9012509433962,1
2828,2024-09-28,2021-08-25,199,54.057982,0.0,0,172.125,995.71,0.0,117,-1,23904,3.6812324958782217,500.284539179862,1
2829,2024-11-06,2020-06-15,833,45.879233,0.666667,0,116.53333333333333,2879.3,0.666667,4,47,23904,18.156362814522204,500.284539179862,1
2830,2024-07-05,2022-02-06,384,20.126449,0.375,0,156.42857142857142,2476.06,0.375,-1,-1,21722,19.07937162685777,500.284539179862,1
786,2024-06-27,2023-07-05,159,39.129875,0.333333,0,149.1764705882353,1194.13,0.333333,-1,-1,0,4.063391462405643,512.7524298282362,1
2833,2024-10-04,2023-07-01,147,54.746179,0.8,1,182.05555555555554,2191.66,0.8,-1,-1,21722,2.6851189011748198,512.7524298282362,1
2835,2024-12-13,2022-02-13,241,23.198374,0.6,0,85.0909090909091,1171.66,0.6,-1,-1,21722,10.388659136196356,501.9012509433962,1
789,2024-05-10,2024-03-08,876,38.373228,0.5,0,159.46153846153845,2173.99,0.5,-1,-1,23904,22.828415686061128,500.284539179862,1
2836,2025-04-10,2023-09-03,74,41.009331,0.818182,0,144.8,1718.3300000000002,0.818182,19,-1,0,1.8044673784120009,501.9012509433962,1
2838,2024-05-22,2023-01-23,280,33.066713,0.333333,0,165.45,1332.5300000000002,0.333333,-1,-1,23904,8.46773007041855,512.7524298282362,1
2841,2024-09-06,2020-06-29,8,48.279349,0.5,1,169.25,1181.32,0.5,-1,-1,23904,0.16570231715427644,501.9012509433962,1
794,2024-12-16,2022-12-31,754,35.715934,0.727273,1,169.84615384615384,3584.5299999999997,0.727273,-1,-1,21722,21.111025683942636,500.284539179862,1
2844,2025-02-09,2022-07-27,574,56.136748,0.4,0,188.58333333333334,0.0,0.0,-1,-1,0,0.0,512.7524298282362,1
797,2024-07-19,2021-11-21,244,50.851619,0.666667,0,108.8125,2841.41,0.666667,-1,40,21722,4.798273974325183,512.7524298282362,1
2848,2024-07-12,2021-03-21,291,41.394525,0.4,0,144.77777777777777,2610.79,0.4,-1,-1,23904,7.02991518805929,500.284539179862,1
801,2025-02-01,2021-01-26,230,37.644125,0.5,1,230.3846153846154,2814.14,0.5,-1,-1,23904,6.109851138789917,512.7524298282362,1
2851,2024-11-26,2023-08-31,46,58.486728,0.857143,0,145.85714285714286,1381.8000000000002,0.857143,-1,-1,21722,0.786503221722371,512.7524298282362,1
805,2024-11-05,2021-11-01,812,48.23889,0.8,0,170.35714285714286,1251.09,0.8,-1,-1,21722,16.83289146993225,501.9012509433962,1
2855,2024-12-15,2024-01-18,461,37.769137,0.357143,1,187.66666666666666,5656.11,0.357143,-1,-1,21722,12.205732950689342,501.9012509433962,1
809,2024-06-27,2022-04-16,443,53.150115,0.461538,0,158.83333333333334,4294.65,0.461538,-1,-1,23904,8.334883188869863,501.9012509433962,1
811,2024-09-11,2024-02-04,353,22.142312,0.583333,0,166.42857142857142,2966.9100000000003,0.583333,-1,-1,21722,15.942327973700307,501.9012509433962,1
2860,2024-12-10,2023-08-19,395,39.589369,0.6,0,124.11111111111111,4821.889999999999,0.6,-1,-1,21722,9.977426010502972,512.7524298282362,1
2861,2025-01-11,2021-02-14,443,54.993096,0.25,0,131.84615384615384,5007.37,0.25,-1,5,21722,8.055556646601602,500.284539179862,1
818,2025-01-23,2020-08-23,431,21.964906,0.666667,0,164.0,1785.42,0.666667,-1,89,21722,19.622210083667103,501.9012509433962,1
2866,2025-04-16,2023-05-23,713,57.931853,0.545455,0,141.73333333333332,3328.69,0.545455,46,65,23904,12.307564199612258,512.7524298282362,1
2867,2024-08-27,2020-08-15,143,40.510927,0.846154,0,143.52380952380952,2757.67,0.846154,-1,61,23904,3.5299118186063723,512.7524298282362,1
2868,2025-04-13,2020-05-15,510,25.389117,0.777778,0,192.42857142857142,1365.34,0.777778,129,97,23904,20.087346873859378,512.7524298282362,1
2869,2024-08-23,2021-03-05,488,37.967739,0.461538,0,154.84615384615384,2037.3899999999999,0.461538,-1,-1,21722,12.853017136469465,501.9012509433962,1
2870,2025-03-15,2021-11-04,35,44.815412,0.333333,0,175.44444444444446,4263.74,0.333333,-1,232,21722,0.7809813284769087,501.9012509433962,1
824,2025-03-09,2023-09-09,188,46.803178,0.666667,0,147.06666666666666,4134.17,0.666667,13,225,21722,4.016821250898817,500.284539179862,1
2871,2025-01-16,2022-09-22,432,56.485767,0.692308,0,173.35714285714286,2347.05,0.692308,93,-1,23904,7.6479443042704895,512.7524298282362,1
826,2024-09-07,2021-03-18,139,32.802235,0.727273,0,165.33333333333334,4047.57,0.727273,-1,-1,23904,4.237516132665959,501.9012509433962,1
827,2025-01-18,2023-06-10,713,8.359489,0.833333,1,123.57142857142857,2681.68,0.833333,-1,139,21722,85.29229478021922,501.9012509433962,1
2875,2024-05-11,2023-10-21,834,41.034861,0.727273,0,125.23809523809524,1611.67,0.727273,-1,-1,21722,20.324182406758975,501.9012509433962,1
2878,2024-12-27,2023-08-12,759,50.901074,0.384615,0,150.47058823529412,3988.6599999999994,0.384615,-1,-1,23904,14.911276724730799,501.9012509433962,1
2879,2024-07-05,2022-11-16,35,12.006124,0.625,0,125.54545454545455,2850.0899999999997,0.625,-1,-1,21722,2.915178953673975,500.284539179862,1
832,2024-12-01,2020-09-21,313,33.335962,0.555556,0,164.47058823529412,2683.96,0.555556,-1,-1,23904,9.389259562990862,501.9012509433962,1
835,2025-01-15,2023-10-21,11,55.150177,0.416667,0,149.07142857142858,2048.46,0.416667,2,-1,23904,0.1994553888739106,500.284539179862,1
2884,2025-03-11,2021-03-24,203,48.825303,0.533333,0,143.8,1312.76,0.533333,166,-1,0,4.157680291303056,500.284539179862,1
837,2024-12-24,2022-05-24,683,14.534947,0.5625,0,127.45454545454545,1128.19,0.5625,-1,199,23904,46.990195423485204,500.284539179862,1
838,2025-01-02,2022-09-01,426,44.980195,0.5,0,134.45454545454547,3480.4799999999996,0.5,-1,234,23904,9.47083488633164,500.284539179862,1
2886,2024-12-04,2023-04-16,485,48.917131,0.666667,0,186.41666666666666,247.93,0.666667,-1,193,21722,9.914727010461837,501.9012509433962,1
2888,2024-11-19,2023-08-07,96,28.151475,0.666667,0,151.1875,2793.79,0.666667,-1,65,21722,3.410123270627915,501.9012509433962,1
841,2025-02-22,2022-11-05,968,11.39669,0.5,1,162.53333333333333,3862.17,0.5,-1,81,23904,84.93694221743331,501.9012509433962,1
2890,2025-04-10,2020-11-10,878,6.569443,0.538462,0,119.23076923076923,7673.250000000001,0.538462,7,-1,21722,133.64907801163662,512.7524298282362,1
848,2024-06-01,2022-06-16,472,21.300812,0.625,0,145.15384615384616,2588.54,0.625,-1,-1,23904,22.158779674690336,500.284539179862,1
855,2025-04-02,2022-07-11,836,24.512586,0.5,0,154.5,1759.1799999999998,0.5,-1,11,21722,34.104928790458914,501.9012509433962,1
2904,2025-04-08,2021-03-01,482,17.797887,0.75,0,155.83333333333334,2488.94,0.75,-1,196,21722,27.081866515952147,501.9012509433962,1
858,2024-11-28,2023-03-08,328,42.739692,0.846154,0,183.5,500.82,0.846154,-1,23,23904,7.674365084334253,500.284539179862,1
864,2024-06-14,2023-02-06,68,23.71916,0.8,0,156.7,1139.33,0.8,-1,-1,21722,2.866880614659204,500.284539179862,1
2912,2024-06-12,2020-05-09,484,35.370355,0.636364,0,175.25,2375.48,0.636364,-1,-1,0,13.68377557986059,501.9012509433962,1
2914,2024-11-29,2022-06-14,920,51.402363,0.625,0,166.78571428571428,1401.28,0.625,-1,-1,23904,17.898009863865596,500.284539179862,1
2915,2024-06-15,2021-10-26,769,44.77927,1.0,0,178.05882352941177,2197.58,1.0,-1,-1,23904,17.173124975016343,512.7524298282362,1
868,2025-04-21,2024-03-31,225,39.146579,0.75,0,145.8235294117647,2886.01,0.75,17,-1,23904,5.747628675292418,500.284539179862,1
2916,2024-05-13,2021-11-22,883,30.823619,0.5,0,200.0,1920.96,0.5,-1,-1,21722,28.646863303105324,501.9012509433962,1
2917,2025-01-18,2023-04-23,26,7.005837,0.714286,0,145.0,3180.71,0.714286,-1,-1,21722,3.7111911110692413,501.9012509433962,1
871,2024-09-24,2022-08-24,634,24.148811,0.571429,0,142.7,4069.63,0.571429,-1,-1,23904,26.253880574078785,500.284539179862,1
2919,2024-09-20,2020-10-15,310,37.240431,0.333333,1,139.35714285714286,5267.75,0.333333,-1,-1,21722,8.324286042768946,512.7524298282362,1
2920,2024-06-02,2021-04-22,251,35.718631,0.583333,1,173.38888888888889,4478.39,0.583333,-1,-1,21722,7.027145021319546,500.284539179862,1
2923,2025-01-08,2024-03-16,332,32.555993,0.625,0,126.93333333333334,4089.08,0.625,-1,102,23904,10.1978151918143,500.284539179862,1
2925,2024-12-03,2022-03-13,751,48.625948,0.636364,0,136.65,1965.2599999999998,0.636364,-1,1,23904,15.444428970310254,500.284539179862,1
2926,2025-01-29,2021-05-09,397,33.961356,0.833333,0,133.76470588235293,4305.889999999999,0.833333,-1,44,21722,11.689757028547387,512.7524298282362,1
2930,2025-04-21,2022-03-31,882,33.407412,0.454545,0,139.69230769230768,3819.0499999999997,0.454545,9,7,21722,26.40132674748945,512.7524298282362,1
883,2024-04-26,2021-01-25,286,46.635882,0.9,0,160.0,4490.110000000001,0.9,-1,-1,23904,6.132616940749614,500.284539179862,1
2931,2025-02-24,2020-08-30,961,42.540868,0.75,0,130.8,2231.77,0.75,46,43,23904,22.590042121378435,512.7524298282362,1
2934,2024-09-09,2022-11-30,514,56.889145,0.583333,0,203.21428571428572,1220.3899999999999,0.583333,-1,-1,23904,9.035115574333206,512.7524298282362,1
2935,2024-06-04,2021-06-05,932,21.578713,0.7,0,157.14285714285714,3314.29,0.7,-1,-1,21722,43.19071299571944,501.9012509433962,1
893,2025-01-08,2021-10-04,729,38.074278,0.428571,0,144.78947368421052,2147.02,0.428571,-1,-1,23904,19.1467846087587,512.7524298282362,1
2941,2024-05-06,2022-10-19,913,45.656183,0.444444,0,159.77777777777777,768.21,0.444444,-1,-1,23904,19.997291494998606,500.284539179862,1
2944,2024-05-18,2023-10-02,295,24.905874,0.444444,0,145.64705882352942,2302.3300000000004,0.444444,-1,-1,23904,11.84459537537209,512.7524298282362,1
897,2025-04-12,2023-08-16,976,45.429339,0.142857,0,175.52941176470588,44.09,0.142857,60,173,23904,21.483913732489043,512.7524298282362,1
898,2024-07-02,2023-05-06,778,45.904713,0.777778,0,126.3076923076923,1231.6,0.777778,-1,-1,21722,16.94815083584119,500.284539179862,1
899,2024-07-24,2022-10-19,38,52.520333,0.4,0,149.5,5250.17,0.4,-1,-1,21722,0.7235293043553246,512.7524298282362,1
2947,2024-09-25,2022-10-10,253,53.500971,0.7,0,95.11111111111111,4409.8099999999995,0.7,-1,-1,23904,4.728886135543222,512.7524298282362,1
2949,2024-08-15,2021-01-06,830,58.433434,0.65,0,118.3529411764706,2665.73,0.65,-1,50,21722,14.204196864418408,500.284539179862,1
902,2025-03-30,2021-05-17,887,22.099213,0.416667,0,101.66666666666667,1379.31,0.416667,-1,53,23904,40.13717592567663,500.284539179862,1
904,2024-10-12,2021-05-16,873,38.370048,0.642857,0,144.26666666666668,1186.26,0.642857,-1,-1,21722,22.752121654890818,500.284539179862,1
905,2025-02-06,2023-01-12,435,13.219055,0.4,1,134.14285714285714,1711.1399999999999,0.4,-1,-1,0,32.90704214484318,500.284539179862,1
907,2024-11-07,2020-09-18,554,39.271948,0.666667,1,161.57142857142858,2103.99,0.666667,-1,127,23904,14.106761396200666,512.7524298282362,1
908,2025-04-22,2021-06-03,565,33.174729,0.6,0,151.0,2993.3,0.6,27,-1,21722,17.03103588276486,501.9012509433962,1
911,2025-02-04,2021-05-18,189,31.672956,0.333333,1,209.3125,3353.6000000000004,0.333333,-1,16,21722,5.967235896769472,512.7524298282362,1
2960,2024-05-20,2021-04-08,67,57.143465,0.428571,0,160.1875,1816.3899999999999,0.428571,-1,-1,21722,1.1724875276639244,501.9012509433962,1
917,2024-10-02,2022-01-03,692,8.765985,0.8,0,141.58333333333334,1892.83,0.8,-1,-1,23904,78.94149944358792,500.284539179862,1
2965,2024-10-10,2020-09-25,948,28.579293,0.5,1,146.42105263157896,2280.55,0.5,-1,-1,21722,33.17086955230138,501.9012509433962,1
919,2024-08-06,2021-08-01,257,7.208469,0.5,0,146.4,4906.84,0.5,-1,53,21722,35.65250818169572,512.7524298282362,1
920,2024-12-28,2020-06-08,85,39.590636,0.583333,0,157.5,2130.94,0.583333,-1,-1,23904,2.146972329517515,500.284539179862,1
2970,2025-04-13,2020-11-12,287,17.483568,0.7,0,151.625,4100.299999999999,0.7,44,225,21722,16.415413604362676,500.284539179862,1
2973,2024-05-16,2022-01-10,845,53.837874,0.666667,0,133.0,4828.29,0.666667,-1,-1,21722,15.695270582192752,501.9012509433962,1
926,2024-08-04,2022-07-27,233,59.187985,0.526316,1,154.76190476190476,779.19,0.526316,-1,-1,21722,3.9366097697024154,512.7524298282362,1
927,2025-04-17,2021-05-21,294,50.222774,0.454545,1,172.05263157894737,2274.56,0.454545,29,-1,0,5.853917985493991,512.7524298282362,1
2974,2025-03-23,2021-10-22,364,29.525685,0.6,0,164.56521739130434,2199.6499999999996,0.6,56,330,23904,12.32824911598156,501.9012509433962,1
929,2024-08-06,2023-01-14,98,25.034808,0.5,0,135.53846153846155,2928.15,0.5,-1,-1,21722,3.9145496941698132,512.7524298282362,1
930,2025-01-09,2023-12-25,666,20.679691,0.666667,0,171.125,1642.24,0.666667,11,139,23904,32.20551022740137,512.7524298282362,1
2976,2024-05-10,2021-05-16,992,16.858186,0.75,0,167.1764705882353,1540.4199999999998,0.75,-1,-1,0,58.84381629197827,501.9012509433962,1
936,2024-08-17,2020-07-28,934,55.321298,0.75,0,150.92307692307693,1967.1599999999999,0.75,-1,-1,21722,16.883190267878387,501.9012509433962,1
937,2025-01-14,2021-02-01,437,15.955338,0.142857,0,185.78571428571428,2626.11,0.142857,-1,-1,23904,27.38895283822881,500.284539179862,1
938,2024-06-29,2020-10-05,286,7.223384,0.444444,0,160.21428571428572,3451.13,0.444444,-1,-1,23904,39.59363090761892,500.284539179862,1
2984,2024-11-27,2022-06-30,341,16.935942,0.666667,0,153.26315789473685,1057.02,0.666667,-1,143,23904,20.134693423017154,500.284539179862,1
2991,2024-08-10,2023-05-04,360,48.499556,0.3,0,146.3125,2528.57,0.3,-1,-1,0,7.422748364954104,501.9012509433962,1
944,2025-04-06,2022-10-08,925,59.937131,0.526316,1,182.04761904761904,3465.0499999999997,0.526316,-1,94,21722,15.432837450961742,512.7524298282362,1
2996,2024-05-23,2021-03-22,888,56.792047,0.5625,0,138.36363636363637,4479.049999999999,0.5625,-1,-1,23904,15.635992131081313,500.284539179862,1
952,2024-04-29,2022-05-03,306,12.034569,0.375,0,164.93333333333334,2116.13,0.375,-1,-1,23904,25.426751884508704,501.9012509433962,1
953,2025-04-16,2024-01-26,706,38.78178,0.8,0,162.94117647058823,1078.43,0.8,272,196,21722,18.20442486136531,501.9012509433962,1
954,2024-07-06,2020-06-14,463,43.872469,0.666667,0,149.35714285714286,1682.9899999999998,0.666667,-1,-1,21722,10.553315337689337,501.9012509433962,1
961,2024-12-26,2022-09-26,637,44.546115,0.5,0,164.58333333333334,3633.4199999999996,0.5,-1,-1,21722,14.29978798375571,501.9012509433962,1
964,2025-04-03,2020-11-15,131,11.798077,0.875,0,103.13333333333334,1737.0,0.875,24,-1,23904,11.1035044100831,501.9012509433962,1
965,2024-11-27,2021-12-25,25,47.780544,0.4,0,155.125,3435.8700000000003,0.4,-1,150,23904,0.52322552041266,512.7524298282362,1
971,2024-07-29,2023-04-23,300,48.78817,0.2,0,173.7058823529412,449.94999999999993,0.2,-1,-1,21722,6.1490316197553625,501.9012509433962,1
974,2024-07-23,2020-08-25,744,11.512617,0.588235,0,167.06666666666666,5518.07,0.588235,-1,-1,23904,64.62475039341619,501.9012509433962,1
981,2024-05-18,2020-12-31,831,21.117668,0.384615,0,164.625,1566.57,0.384615,-1,-1,23904,39.35093590826412,501.9012509433962,1
985,2024-10-11,2024-02-03,333,57.390566,0.5,0,148.4,162.1,0.5,33,-1,23904,5.8023473753508545,501.9012509433962,1
986,2025-02-03,2024-03-11,538,28.799488,0.875,0,146.0,3537.93,0.875,-1,-1,23904,18.68088766022507,501.9012509433962,1
987,2024-09-20,2022-03-30,496,37.296896,0.818182,0,115.63157894736842,2511.8,0.818182,-1,-1,21722,13.298693810873699,512.7524298282362,1
988,2024-11-02,2021-12-15,591,11.628478,0.5,0,134.0,2954.66,0.5,-1,-1,0,50.823504159357746,512.7524298282362,1
992,2024-08-12,2022-10-18,67,57.826723,0.125,1,167.6315789473684,573.51,0.125,-1,-1,21722,1.15863387243991,512.7524298282362,1
995,2024-10-15,2024-04-15,51,38.605143,0.6,0,133.66666666666666,2332.07,0.6,-1,-1,0,1.3210675064718709,512.7524298282362,1
1000,2024-11-20,2021-12-05,411,37.187907,0.6,0,169.4,2270.6099999999997,0.6,-1,172,23904,11.051979881524389,501.9012509433962,1
1004,2024-06-24,2023-03-20,680,45.292461,0.5,0,158.76470588235293,3418.13,0.5,-1,-1,21722,15.013536137945781,500.284539179862,1
1011,2024-06-03,2023-02-18,159,34.292169,0.461538,0,159.1818181818182,1549.8000000000002,0.461538,-1,-1,23904,4.636627096991153,512.7524298282362,1
1026,2024-10-12,2020-12-10,852,25.87031,0.5,1,150.5625,4120.01,0.5,-1,61,21722,32.93350562865308,501.9012509433962,1
1028,2024-08-10,2020-06-15,95,38.240805,0.857143,0,158.53846153846155,847.13,0.857143,-1,-1,21722,2.4842573266959205,500.284539179862,1
1035,2024-06-05,2020-12-26,208,25.492832,0.538462,0,117.55555555555556,3965.03,0.538462,-1,31,23904,8.159156267926608,500.284539179862,1
1038,2024-10-30,2023-11-04,945,57.816786,0.666667,0,141.54545454545453,1737.1,0.666667,-1,-1,21722,16.344734209196616,512.7524298282362,1
1039,2024-09-02,2022-12-29,888,57.191125,0.7,0,170.55555555555554,2056.26,0.7,-1,12,23904,15.526884634635183,500.284539179862,1
1040,2024-08-28,2022-09-30,181,45.157518,0.6,0,147.89473684210526,2215.08,0.6,-1,-1,21722,4.008191947130486,500.284539179862,1
1041,2025-02-28,2023-02-17,708,12.376559,0.5,0,138.625,2570.48,0.5,3,195,21722,57.20491454854293,500.284539179862,1
1043,2024-07-02,2021-03-29,4,54.235578,0.625,0,128.69230769230768,1617.64,0.625,-1,-1,21722,0.07375232545691686,501.9012509433962,1
1044,2025-02-07,2021-08-22,45,35.209052,0.666667,1,164.04,1203.31,0.666667,-1,25,21722,1.278080420909941,501.9012509433962,1
1046,2024-07-02,2023-07-16,101,45.904017,0.818182,0,168.16666666666666,2762.4700000000003,0.818182,-1,-1,21722,2.2002431726182046,500.284539179862,1
1047,2024-06-24,2024-04-11,29,42.890954,0.666667,0,161.92307692307693,2948.73,0.666667,-1,-1,23904,0.6761332471177955,512.7524298282362,1
1049,2025-02-25,2022-09-07,638,17.947865,0.785714,0,151.05882352941177,1621.78,0.785714,48,167,21722,35.54740354911294,512.7524298282362,1
1068,2024-07-26,2022-01-14,671,8.276827,0.75,0,161.0,4474.65,0.75,-1,31,23904,81.06971427577258,501.9012509433962,1
1073,2024-10-16,2023-05-28,394,47.809642,0.75,0,177.66666666666666,1968.62,0.75,-1,83,23904,8.241015483864112,500.284539179862,1
1077,2024-10-01,2022-12-08,849,36.454316,0.666667,0,103.2,1609.8200000000002,0.666667,-1,-1,21722,23.289423397767223,501.9012509433962,1
1082,2024-06-09,2022-01-27,227,46.255986,0.222222,0,173.30769230769232,2168.43,0.222222,-1,-1,21722,4.9074729484741715,512.7524298282362,1
1085,2025-04-04,2020-09-19,895,26.283368,0.285714,0,165.5,1757.24,0.285714,-1,-1,23904,34.0519525503733,512.7524298282362,1
1091,2024-10-23,2021-10-18,865,25.449906,0.285714,1,178.66666666666666,1977.28,0.285714,-1,-1,21722,33.98833771723951,501.9012509433962,1
1098,2024-12-04,2020-08-27,143,35.23059,0.75,0,171.2,3464.8,0.75,-1,-1,23904,4.0589726144239995,501.9012509433962,1
1101,2024-06-10,2021-03-15,621,52.724009,0.533333,0,133.05,2681.5699999999997,0.533333,-1,-1,23904,11.778315264303972,501.9012509433962,1
1109,2024-08-01,2020-05-25,555,37.408431,0.5,0,188.23076923076923,2165.46,0.5,-1,-1,23904,14.836227694232885,512.7524298282362,1
1110,2024-09-13,2022-07-21,902,15.957551,0.5,0,122.3076923076923,2481.64,0.5,-1,32,21722,56.524964263,500.284539179862,1
1114,2024-10-14,2024-01-21,699,42.262311,0.5,0,123.8,2887.38,0.5,-1,-1,23904,16.53955932509228,512.7524298282362,1
1115,2024-06-27,2022-04-23,816,16.217181,0.923077,1,157.85714285714286,1646.4199999999998,0.923077,-1,-1,23904,50.317006389704844,500.284539179862,1
1118,2025-03-11,2023-03-30,893,13.543261,0.454545,0,160.0909090909091,3002.46,0.454545,164,47,21722,65.93685228395141,501.9012509433962,1
1120,2025-01-12,2022-07-27,48,13.529451,0.615385,0,125.11111111111111,3381.38,0.615385,130,223,23904,3.547815798290707,500.284539179862,1
1121,2025-03-09,2023-03-14,682,23.330472,0.625,0,131.08333333333334,1599.0300000000002,0.625,-1,49,21722,29.23215612611695,512.7524298282362,1
1123,2024-09-18,2020-09-07,733,13.894112,0.636364,0,158.63636363636363,1599.3899999999999,0.636364,-1,-1,21722,52.756160307330184,512.7524298282362,1
1127,2024-10-08,2023-07-13,627,6.256049,0.545455,1,133.6,1414.63,0.545455,5,-1,21722,100.223000171514,501.9012509433962,1
1131,2025-01-02,2021-12-04,283,56.646154,0.875,1,170.125,1478.53,0.875,-1,-1,23904,4.995926113536322,512.7524298282362,1
1135,2024-08-12,2024-01-09,986,37.777,0.454545,0,144.71428571428572,1310.06,0.454545,-1,-1,23904,26.100537364004552,501.9012509433962,1
1139,2024-11-22,2020-10-26,42,32.484966,0.333333,0,160.92307692307693,3406.26,0.333333,-1,-1,21722,1.292905770626326,512.7524298282362,1
1141,2024-07-28,2020-11-29,626,38.012145,0.727273,0,148.6153846153846,6185.410000000001,0.727273,-1,-1,23904,16.468420816557447,500.284539179862,1
1143,2025-01-16,2022-01-08,776,12.733421,0.636364,0,132.72222222222223,4122.19,0.636364,-1,59,23904,60.94198880253783,500.284539179862,1
1152,2025-03-04,2022-02-10,301,35.333864,0.545455,0,170.91666666666666,1124.28,0.545455,134,-1,0,8.51873998269762,500.284539179862,1
1156,2025-03-28,2021-05-18,689,13.967748,0.75,0,195.0,714.39,0.75,-1,12,21722,49.32792315554376,500.284539179862,1
1159,2024-09-15,2022-09-16,209,52.27616,0.428571,0,123.6875,3220.3199999999997,0.428571,-1,-1,21722,3.9979983227536224,501.9012509433962,1
1160,2025-01-12,2020-07-13,929,13.890256,0.714286,0,130.85714285714286,3532.3500000000004,0.714286,-1,-1,23904,66.88141672838859,500.284539179862,1
1165,2025-04-10,2023-12-26,882,19.367105,0.909091,1,124.0,1590.29,0.909091,224,176,23904,45.541137924330975,501.9012509433962,1
1166,2025-02-20,2023-08-24,427,45.435914,0.75,0,173.88235294117646,1434.1100000000001,0.75,-1,12,21722,9.397852104394776,512.7524298282362,1
1170,2024-12-06,2022-10-12,831,40.034206,0.714286,0,209.75,3354.32,0.714286,-1,-1,21722,20.757249438142974,500.284539179862,1
1176,2025-01-27,2022-08-07,373,35.495014,0.5625,0,141.05882352941177,1495.8,0.5625,-1,78,23904,10.508518182300197,512.7524298282362,1
1179,2024-12-23,2021-10-20,732,51.639268,0.666667,1,180.23076923076923,2443.81,0.666667,66,-1,23904,14.175259029620637,512.7524298282362,1
1185,2024-06-11,2023-12-12,350,49.810747,0.5,1,177.1764705882353,652.9100000000001,0.5,-1,-1,21722,7.026596087788043,501.9012509433962,1
1188,2024-04-25,2023-02-11,848,35.995213,0.416667,0,177.16666666666666,2833.36,0.416667,-1,-1,23904,23.558688206679037,500.284539179862,1
1189,2024-08-27,2020-06-07,853,46.679953,0.5,0,159.15384615384616,1242.33,0.5,-1,-1,23904,18.273368869930096,512.7524298282362,1
1192,2024-11-12,2021-10-05,253,31.130322,1.0,0,142.5,799.0699999999999,1.0,-1,-1,23904,8.127124415866948,500.284539179862,1
1197,2025-04-08,2022-08-23,535,19.592924,0.846154,0,150.93333333333334,2254.1,0.846154,99,-1,23904,27.30577630985554,500.284539179862,1
1211,2024-11-29,2021-06-12,279,7.941898,0.714286,0,196.0,4468.03,0.714286,-1,156,23904,35.1301414347049,501.9012509433962,1
1212,2024-08-08,2022-10-09,528,40.156408,0.75,0,172.93333333333334,2211.98,0.75,-1,44,21722,13.148586397468618,501.9012509433962,1
1215,2024-07-05,2022-07-22,74,40.59326,0.384615,0,164.35714285714286,4287.490000000001,0.384615,-1,-1,23904,1.8229627282952885,501.9012509433962,1
1220,2024-05-27,2022-09-11,820,11.091953,0.555556,0,193.28571428571428,1961.53,0.555556,-1,-1,21722,73.92746795807736,500.284539179862,1
1221,2025-03-29,2023-07-30,555,21.62047,0.727273,0,136.35714285714286,1195.56,0.727273,-1,221,21722,25.670117254620273,500.284539179862,1
1222,2024-05-30,2021-02-12,222,49.214541,0.888889,0,140.66666666666666,1081.1499999999999,0.888889,-1,-1,23904,4.510861942205252,512.7524298282362,1
1233,2025-02-14,2023-10-21,948,51.199388,0.714286,1,153.73684210526315,3480.7199999999993,0.714286,-1,-1,21722,18.51584632222557,500.284539179862,1
1234,2025-01-12,2020-04-25,828,7.163655,0.571429,0,170.44444444444446,2526.16,0.571429,108,249,23904,115.58345565217755,501.9012509433962,1
1236,2024-12-29,2022-07-22,686,34.777323,0.5,0,171.11111111111111,80.94,0.5,154,-1,21722,19.72549756057992,501.9012509433962,1
1244,2024-07-22,2020-06-07,88,23.208218,0.583333,0,152.77272727272728,906.38,0.583333,-1,-1,21722,3.791760315246953,500.284539179862,1
1246,2025-04-21,2021-02-12,193,57.092319,0.454545,0,181.25,1684.0299999999997,0.454545,19,282,21722,3.380489764306123,512.7524298282362,1
1247,2024-11-24,2023-02-04,508,26.541758,0.636364,0,186.64285714285714,3257.6200000000003,0.636364,-1,96,23904,19.139651563396818,512.7524298282362,1
1248,2024-10-30,2022-10-10,747,47.787194,0.545455,0,116.57142857142857,3113.98,0.545455,-1,-1,21722,15.631802947040581,501.9012509433962,1
1257,2024-06-03,2023-12-24,528,59.944199,0.25,0,156.23529411764707,3564.16,0.25,-1,-1,23904,8.80819176514478,501.9012509433962,1
1258,2025-01-07,2022-05-14,550,40.243963,0.4,0,148.47368421052633,2676.9199999999996,0.4,-1,-1,21722,13.666646100434988,512.7524298282362,1
1262,2025-02-11,2022-01-30,206,39.859571,0.714286,0,162.69230769230768,3549.1,0.714286,-1,103,23904,5.168143932106043,501.9012509433962,1
1265,2024-05-28,2023-01-13,313,45.567703,1.0,0,132.5,1195.48,1.0,-1,-1,23904,6.868900106726906,501.9012509433962,1
1270,2025-01-27,2021-06-08,105,46.997611,0.5,0,122.8,1881.7099999999998,0.5,39,203,23904,2.234156114871456,500.284539179862,1
1274,2024-12-09,2021-02-18,895,5.169525,0.375,1,136.2941176470588,2724.5,0.375,-1,-1,23904,173.13002645310738,500.284539179862,1
1282,2025-04-09,2021-08-31,13,49.039442,0.333333,0,186.33333333333334,4089.31,0.333333,1,292,21722,0.26509273902423275,501.9012509433962,1
1289,2024-06-11,2023-01-25,87,45.946498,0.363636,1,121.57142857142857,3386.5600000000004,0.363636,-1,-1,23904,1.8935066607252635,512.7524298282362,1
1296,2024-10-06,2021-01-09,256,8.738759,0.6,0,151.73333333333332,2057.3199999999997,0.6,-1,-1,21722,29.294777439222205,500.284539179862,1
1298,2025-01-04,2023-02-23,423,14.472769,0.777778,0,133.22222222222223,3606.3,0.777778,-1,-1,23904,29.22730266751304,512.7524298282362,1
1308,2025-04-02,2023-09-10,296,20.219875,0.538462,0,175.14285714285714,1800.5099999999998,0.538462,-1,-1,23904,14.639061814180357,501.9012509433962,1
1315,2024-05-29,2021-09-01,153,58.413204,0.461538,1,168.28571428571428,3882.33,0.461538,-1,-1,21722,2.6192708073332187,512.7524298282362,1
1319,2025-02-01,2022-09-27,409,42.709927,0.428571,1,144.6086956521739,1633.48,0.428571,-1,143,23904,9.57622802773697,512.7524298282362,1
1323,2024-05-24,2022-08-27,110,27.235723,0.7,0,113.33333333333333,2015.96,0.7,-1,-1,21722,4.038813289443427,500.284539179862,1
1326,2024-06-21,2023-05-18,216,49.983767,0.5,0,126.72727272727273,1649.4299999999998,0.5,-1,39,21722,4.32140298669366,512.7524298282362,1
1329,2024-11-01,2021-11-15,784,30.750311,0.875,1,144.95652173913044,2992.6499999999996,0.875,-1,-1,21722,25.4956771006316,500.284539179862,1
1331,2025-01-06,2020-10-06,385,34.48679,0.545455,0,112.88235294117646,2653.86,0.545455,-1,-1,21722,11.163694852434801,500.284539179862,1
1341,2024-09-26,2022-05-18,852,43.016071,0.461538,0,122.05882352941177,815.62,0.461538,-1,-1,23904,19.80655090512567,512.7524298282362,1
1342,2024-06-06,2020-08-22,711,50.170105,0.555556,0,158.46666666666667,1016.75,0.555556,-1,-1,21722,14.171786166283686,500.284539179862,1
1343,2024-07-30,2022-02-19,434,56.314153,0.6,0,147.13333333333333,4217.6,0.6,-1,-1,21722,7.706766006051801,512.7524298282362,1
1345,2025-01-26,2024-03-06,365,41.53267,0.333333,1,170.96153846153845,2974.45,0.333333,-1,69,23904,8.788262348652276,512.7524298282362,1
1363,2025-02-26,2023-07-31,810,45.683355,0.583333,0,167.86666666666667,3456.0299999999997,0.583333,-1,-1,21722,17.73074678950353,512.7524298282362,1
1364,2024-06-06,2023-06-09,411,47.76233,0.571429,0,208.28571428571428,2380.29,0.571429,-1,-1,21722,8.605107832888388,501.9012509433962,1
1365,2024-12-12,2021-07-10,717,5.810944,0.666667,0,141.58333333333334,2386.5,0.666667,-1,-1,23904,123.38786950967003,501.9012509433962,1
1376,2025-02-19,2023-02-18,704,51.720644,0.428571,0,169.85714285714286,1453.5900000000001,0.428571,-1,265,21722,13.611586120234698,512.7524298282362,1
1379,2024-08-03,2021-08-16,194,20.596137,0.714286,0,182.21428571428572,2210.4900000000002,0.714286,-1,-1,23904,9.419242064664845,501.9012509433962,1
1381,2024-06-24,2021-08-10,341,50.512427,0.8,1,180.47368421052633,1672.07,0.8,-1,-1,21722,6.7508140125597205,501.9012509433962,1
1383,2024-11-09,2021-10-21,195,41.693966,0.444444,0,166.94736842105263,3841.6299999999997,0.444444,-1,31,21722,4.676935746529845,512.7524298282362,1
1384,2025-04-03,2021-03-14,244,14.232116,0.833333,1,174.21428571428572,2484.8900000000003,0.833333,-1,223,23904,17.14432344424399,512.7524298282362,1
1388,2024-11-03,2021-09-26,664,20.592954,0.5,0,155.14285714285714,864.02,0.5,-1,-1,21722,32.244038422073885,500.284539179862,1
1394,2025-02-17,2021-02-07,691,51.832858,0.625,0,167.66666666666666,1935.86,0.625,-1,171,21722,13.331311964314219,500.284539179862,1
1396,2024-11-26,2023-04-10,570,12.935478,0.666667,0,154.11111111111111,3738.8,0.666667,-1,-1,21722,44.06485790474848,501.9012509433962,1
1400,2025-02-15,2021-10-10,62,7.737358,0.5,0,163.52631578947367,3317.84,0.5,-1,-1,21722,8.0130711284136,500.284539179862,1
1401,2024-10-09,2022-02-18,745,46.748086,0.333333,0,178.23529411764707,3353.14,0.333333,-1,-1,21722,15.936481335300016,501.9012509433962,1
1413,2024-04-26,2022-01-06,13,18.180358,0.6,0,135.07692307692307,4216.67,0.6,-1,-1,21722,0.7150574262619032,500.284539179862,1
1414,2024-09-12,2021-04-07,130,31.775574,0.8,0,132.13333333333333,473.60999999999996,0.8,-1,-1,21722,4.091192813700234,501.9012509433962,1
1415,2025-03-04,2023-06-15,902,12.072246,0.583333,0,128.0,30.88,0.583333,-1,137,21722,74.71683396776375,512.7524298282362,1
1416,2024-12-22,2023-01-21,109,51.84599,0.5625,0,183.8181818181818,2859.4700000000003,0.5625,-1,-1,23904,2.1023805312619164,512.7524298282362,1
1417,2025-01-15,2021-12-07,592,42.626787,0.75,0,138.9,1558.59,0.75,54,181,21722,13.88798081356683,501.9012509433962,1
1419,2024-05-12,2021-08-28,560,47.512479,0.545455,1,168.46666666666667,1680.65,0.545455,-1,-1,21722,11.786377216814977,501.9012509433962,1
1424,2025-04-20,2021-02-05,451,34.728427,0.727273,0,186.23529411764707,3194.9799999999996,0.727273,9,213,23904,12.986479347308185,501.9012509433962,1
1428,2024-10-09,2021-04-28,347,24.791407,0.7,0,140.1578947368421,5339.49,0.7,-1,-1,21722,13.996785257085248,512.7524298282362,1
1429,2024-10-20,2022-12-29,793,29.746868,0.3,0,174.64285714285714,1190.3999999999999,0.3,-1,-1,23904,26.658268695716135,512.7524298282362,1
1430,2025-02-22,2023-06-02,132,19.376268,0.285714,0,153.07142857142858,2075.72,0.285714,-1,48,23904,6.812457383434209,501.9012509433962,1
1431,2024-07-23,2023-11-13,740,39.681176,0.615385,0,155.5,3597.2599999999998,0.615385,-1,-1,21722,18.648640856813316,501.9012509433962,1
1432,2024-07-25,2022-06-13,832,10.430524,0.533333,0,148.52631578947367,1233.73,0.533333,-1,-1,21722,79.76588712129899,501.9012509433962,1
1434,2024-10-31,2022-09-25,966,43.194349,0.5,0,170.26666666666668,2358.5099999999998,0.5,-1,154,23904,22.364036554874342,512.7524298282362,1
1435,2024-09-17,2023-09-15,276,38.183739,0.333333,1,207.9375,3736.3100000000004,0.333333,-1,85,21722,7.228207798089128,500.284539179862,1
1439,2024-05-05,2021-09-19,783,48.862585,0.833333,0,194.55555555555554,2576.13,0.833333,-1,-1,0,16.02453083478903,501.9012509433962,1
1445,2024-06-30,2022-09-10,615,27.361175,0.714286,1,160.3125,2004.1599999999999,0.714286,-1,32,23904,22.47710487579572,512.7524298282362,1
1447,2025-01-17,2021-06-11,618,14.820506,0.8,0,158.0625,2322.89,0.8,-1,205,21722,41.69898112790481,501.9012509433962,1
1448,2024-06-04,2022-04-21,234,17.195464,0.625,0,138.625,787.03,0.625,-1,-1,23904,13.60823994048663,512.7524298282362,1
1449,2024-10-20,2022-03-14,396,43.173943,0.8,0,195.92307692307693,1877.57,0.8,-1,-1,21722,9.17219907387194,512.7524298282362,1
1450,2024-12-11,2021-03-31,180,19.657091,0.571429,0,167.66666666666666,1713.44,0.571429,-1,-1,21722,9.15700090109976,512.7524298282362,1
1456,2024-09-01,2022-10-29,229,50.148099,0.444444,0,163.30769230769232,1536.2900000000002,0.444444,-1,-1,21722,4.566474194764591,512.7524298282362,1
1459,2025-03-20,2022-05-13,592,30.255809,0.714286,0,135.23076923076923,1311.61,0.714286,-1,-1,23904,19.566490520878155,501.9012509433962,1
1460,2024-05-17,2022-07-05,930,12.925133,0.545455,0,145.125,3424.82,0.545455,-1,-1,23904,71.95283793211257,512.7524298282362,1
1464,2025-01-03,2022-09-22,451,53.478681,0.666667,0,131.73684210526315,1803.54,0.666667,5,-1,21722,8.43326708076439,500.284539179862,1
1469,2024-12-18,2021-11-23,711,24.724557,0.5,0,142.22222222222223,1810.11,0.5,-1,-1,21722,28.75683475339922,500.284539179862,1
1470,2024-05-27,2022-07-17,477,57.243173,0.555556,0,151.93333333333334,84.56,0.555556,-1,-1,21722,8.33287141507687,501.9012509433962,1
1471,2024-07-03,2020-09-17,695,49.44753,0.769231,0,116.27272727272727,2429.26,0.769231,-1,-1,21722,14.055302661224939,512.7524298282362,1
1476,2024-06-06,2023-01-17,291,28.848516,0.571429,0,188.94117647058823,1600.3700000000001,0.571429,-1,-1,0,10.087173981497003,501.9012509433962,1
1477,2025-01-10,2023-10-29,470,35.617494,0.545455,0,109.6923076923077,2672.92,0.545455,-1,-1,23904,13.195762733897,500.284539179862,1
1478,2025-04-04,2024-02-21,314,45.28631,0.75,1,170.35714285714286,3116.0600000000004,0.75,23,24,21722,6.933662733837224,512.7524298282362,1
1483,2025-02-15,2023-01-01,836,13.067048,0.692308,1,140.6086956521739,2387.6200000000003,0.692308,61,-1,21722,63.97772473170681,512.7524298282362,1
1491,2024-06-17,2023-03-30,844,43.350678,0.444444,0,103.05882352941177,3412.91,0.444444,-1,-1,21722,19.469130332863536,512.7524298282362,1
1493,2024-08-30,2021-11-29,667,33.482782,0.5,0,141.14285714285714,2710.1800000000003,0.5,-1,-1,21722,19.920686399355944,500.284539179862,1
1499,2025-04-03,2023-04-02,58,34.227037,0.888889,0,171.13333333333333,2403.0299999999997,0.888889,138,-1,21722,1.6945667835635319,512.7524298282362,1
1501,2024-12-15,2021-06-02,197,5.083693,0.615385,0,130.58823529411765,1235.7,0.615385,-1,-1,23904,38.75135654336326,500.284539179862,1
1506,2024-11-18,2020-07-15,130,48.900917,0.666667,0,134.35714285714286,3534.03,0.666667,-1,23,21722,2.658436855079834,512.7524298282362,1
1509,2024-10-23,2020-12-29,358,40.520529,0.6,0,170.45454545454547,3168.3900000000003,0.6,-1,-1,23904,8.835027795416984,501.9012509433962,1
1510,2024-09-06,2021-07-25,636,57.350777,0.416667,0,153.11764705882354,1689.22,0.416667,-1,-1,23904,11.089649230035715,501.9012509433962,1
1511,2024-05-05,2021-05-17,221,28.515505,0.5,1,179.0,371.14,0.5,-1,-1,23904,7.750169600713717,501.9012509433962,1
1514,2024-09-01,2021-05-05,908,52.467084,0.4,0,196.33333333333334,1426.5,0.4,-1,-1,23904,17.306088518279385,512.7524298282362,1
1515,2025-03-13,2022-06-12,665,15.9079,0.416667,0,134.6153846153846,3900.59,0.416667,17,78,21722,41.803129262819105,501.9012509433962,1
1529,2024-12-29,2021-06-03,760,8.452343,0.75,1,151.7058823529412,2212.84,0.75,-1,-1,23904,89.91589669278683,501.9012509433962,1
1531,2024-10-12,2023-02-09,43,19.559862,0.5,0,160.15384615384616,3319.12,0.5,-1,161,23904,2.1983795182195047,501.9012509433962,1
1532,2024-09-26,2022-04-01,404,23.397854,1.0,0,160.45,3141.32,1.0,-1,-1,21722,17.266540769080787,500.284539179862,1
1534,2025-03-11,2021-10-02,57,47.947655,0.666667,0,167.125,3618.8999999999996,0.666667,-1,-1,23904,1.1887964072486965,500.284539179862,1
1535,2024-08-27,2023-07-19,869,49.59293,0.8,0,140.58823529411765,5131.94,0.8,-1,93,23904,17.522658975785458,512.7524298282362,1
1541,2025-01-22,2020-09-27,473,50.385373,0.4,0,143.30769230769232,1539.48,0.4,-1,-1,23904,9.387645100890689,512.7524298282362,1
1542,2024-07-16,2023-06-16,854,48.121292,0.5,0,143.69230769230768,3127.45,0.5,-1,-1,21722,17.746821926560077,512.7524298282362,1
1545,2024-05-19,2021-02-10,536,22.072473,0.5,0,151.5,503.37,0.5,-1,-1,21722,24.283640532712397,500.284539179862,1
1548,2024-07-03,2023-01-28,564,40.967269,0.6875,1,182.375,3733.0,0.6875,-1,-1,21722,13.767088062423687,512.7524298282362,1
1552,2024-12-04,2023-01-08,230,43.794407,0.692308,0,171.71428571428572,0.0,0.0,-1,-1,0,0.0,512.7524298282362,1
1553,2024-07-22,2020-05-12,97,59.805058,0.733333,0,164.3,1031.2,0.733333,-1,0,23904,1.6219363920690453,512.7524298282362,1
1554,2024-05-16,2023-12-16,592,39.011264,0.8,0,194.1,1776.61,0.8,-1,-1,21722,15.175104298081704,500.284539179862,1
1555,2024-06-07,2020-08-26,175,36.455189,0.4,0,173.16666666666666,3519.42,0.4,-1,-1,23904,4.800414009648942,501.9012509433962,1
1563,2025-01-29,2021-08-24,712,11.857758,0.636364,0,158.5,1424.6,0.636364,-1,17,21722,60.04507766139265,512.7524298282362,1
1565,2025-01-14,2023-05-11,408,39.008932,0.857143,0,130.375,2669.12,0.857143,-1,-1,21722,10.459143049596948,512.7524298282362,1
1575,2024-11-04,2021-01-02,644,44.541422,0.769231,1,171.0,3827.72,0.769231,-1,74,23904,14.458451730616055,501.9012509433962,1
1578,2024-12-10,2023-08-09,634,34.178741,0.4,0,110.05555555555556,1467.8200000000002,0.4,-1,-1,23904,18.549542243232423,500.284539179862,1
1589,2025-02-18,2021-12-03,371,55.366728,0.555556,0,189.05,2187.57,0.555556,111,-1,23904,6.70077523815386,512.7524298282362,1
1595,2024-06-25,2023-09-14,127,5.109858,0.636364,0,129.8,3238.45,0.636364,-1,-1,23904,24.85391961968415,512.7524298282362,1
1598,2024-09-22,2022-07-31,244,52.04915,0.666667,0,170.42857142857142,1385.27,0.666667,-1,32,21722,4.687876747266766,501.9012509433962,1
1600,2024-05-21,2024-02-13,380,37.648976,0.25,0,171.16666666666666,2516.52,0.25,-1,-1,23904,10.093236001956601,501.9012509433962,1
1603,2024-06-21,2022-03-28,168,38.818987,0.7,1,148.3125,2982.98,0.7,-1,-1,21722,4.3277790839827945,512.7524298282362,1
1608,2024-12-30,2021-10-17,489,44.415971,0.555556,0,122.14285714285714,3883.4500000000003,0.555556,38,-1,21722,11.009553297844148,500.284539179862,1
1610,2024-07-12,2022-03-05,838,33.068183,0.4,0,181.5,2944.4399999999996,0.4,-1,-1,21722,25.341579850335293,500.284539179862,1
1611,2024-09-27,2022-05-04,23,51.455289,0.636364,0,138.75,4936.57,0.636364,-1,-1,23904,0.446990007188571,512.7524298282362,1
1612,2025-02-04,2022-04-08,226,15.26654,0.333333,0,166.875,2753.67,0.333333,105,-1,0,14.803616274545508,500.284539179862,1
1618,2024-10-17,2023-02-15,41,33.591756,1.0,0,136.125,523.5799999999999,1.0,-1,-1,23904,1.2205375628472654,512.7524298282362,1
1619,2024-10-18,2021-02-19,333,30.370254,0.636364,0,147.23076923076923,3625.22,0.636364,-1,56,23904,10.964676159771335,512.7524298282362,1
1620,2024-07-11,2022-08-06,609,36.727902,0.166667,0,153.58823529411765,3204.8100000000004,0.166667,-1,20,23904,16.581399068207055,500.284539179862,1
1622,2024-06-21,2021-09-30,387,52.122464,0.5,1,152.76190476190476,110.32,0.5,-1,-1,23904,7.424821666143796,500.284539179862,1
1623,2025-02-27,2021-11-16,117,25.068158,0.727273,0,137.3684210526316,3655.03,0.727273,-1,99,21722,4.667275513422247,500.284539179862,1
1625,2024-05-09,2022-11-07,60,30.527225,0.583333,0,167.33333333333334,2929.08,0.583333,-1,-1,23904,1.9654587012085114,512.7524298282362,1
1628,2025-01-22,2022-03-06,3,49.92161,0.625,1,176.38888888888889,2093.44,0.625,79,-1,21722,0.06009421571139232,500.284539179862,1
1632,2024-10-08,2023-05-26,99,5.039107,0.6,0,133.5,2474.45,0.6,42,-1,21722,19.646338130942645,501.9012509433962,1
1636,2024-11-08,2023-11-21,79,23.116709,0.571429,0,138.35294117647058,1397.46,0.571429,-1,-1,23904,3.4174414705830314,501.9012509433962,1
1642,2024-11-21,2022-06-21,224,11.157466,0.818182,0,168.9090909090909,2098.61,0.818182,-1,-1,23904,20.076243118285102,501.9012509433962,1
1643,2024-07-12,2023-09-02,505,13.410633,0.555556,0,126.13333333333334,0.0,0.0,-1,-1,21722,0.0,512.7524298282362,1
1648,2024-06-27,2021-08-15,767,16.09477,0.666667,0,157.91666666666666,1800.2499999999998,0.666667,-1,-1,23904,47.655232103347856,501.9012509433962,1
1660,2024-09-22,2021-02-02,132,38.559335,0.733333,0,162.84615384615384,793.89,0.733333,-1,-1,21722,3.4232955521665507,501.9012509433962,1
1664,2024-12-30,2021-11-10,750,33.239563,0.583333,1,206.8,2973.19,0.583333,-1,-1,21722,22.563473533030507,512.7524298282362,1
1669,2025-03-21,2021-07-03,823,54.110956,0.555556,0,143.52941176470588,1822.02,0.555556,87,-1,23904,15.2094891836692,501.9012509433962,1
1672,2024-10-12,2022-07-30,82,52.139995,0.714286,0,152.875,3469.3599999999997,0.714286,-1,-1,23904,1.5726890652751309,500.284539179862,1
1673,2024-11-16,2021-12-05,98,19.529444,0.777778,0,142.6,4916.54,0.777778,-1,-1,21722,5.0180640063280855,501.9012509433962,1
1681,2024-11-18,2023-08-14,120,20.973416,0.75,0,165.4,2720.4900000000002,0.75,-1,108,21722,5.721528624616991,501.9012509433962,1
1683,2025-01-12,2023-11-27,249,13.331176,0.272727,0,202.71428571428572,986.7,0.272727,-1,183,23904,18.678022103976424,512.7524298282362,1
1688,2024-05-20,2022-01-26,422,12.598798,0.6875,0,149.68421052631578,2426.05,0.6875,-1,-1,21722,33.49525883342204,512.7524298282362,1
1689,2024-07-31,2022-09-15,469,20.021443,0.5,0,129.375,3572.0699999999997,0.5,-1,-1,21722,23.42488500953702,500.284539179862,1
1691,2024-09-19,2020-06-21,568,36.62956,0.666667,0,134.75,3090.46,0.666667,-1,-1,21722,15.506601771902258,512.7524298282362,1
1693,2024-08-23,2020-05-06,861,18.480375,0.555556,0,168.5,2818.55,0.555556,-1,-1,23904,46.58996367768511,512.7524298282362,1
1704,2024-11-24,2023-02-09,252,12.352561,0.6,1,176.47368421052633,2816.58,0.6,-1,-1,23904,20.400627853608658,512.7524298282362,1
1705,2024-10-31,2023-08-17,706,28.337583,0.454545,1,147.1764705882353,3744.5600000000004,0.454545,-1,-1,23904,24.913910265388548,512.7524298282362,1
1708,2024-08-10,2020-12-04,177,18.50975,0.545455,1,156.375,3473.04,0.545455,-1,-1,21722,9.56252785694026,501.9012509433962,1
1710,2024-09-17,2021-08-15,943,36.734795,1.0,0,155.73333333333332,1162.55,1.0,-1,-1,21722,25.670484890415207,512.7524298282362,1
1711,2024-12-31,2023-09-07,961,44.166103,0.625,0,168.0,1192.58,0.625,189,-1,21722,21.75876825718583,501.9012509433962,1
1712,2024-06-30,2023-04-14,143,17.96169,0.666667,0,170.875,5611.61,0.666667,-1,-1,23904,7.961388933892078,500.284539179862,1
1713,2025-01-23,2022-11-28,706,29.806143,0.75,0,178.93333333333334,3983.49,0.75,-1,-1,23904,23.68639243259351,501.9012509433962,1
1714,2024-06-02,2020-06-27,183,45.051708,0.818182,1,172.8,1492.46,0.818182,-1,-1,0,4.061999158833223,500.284539179862,1
1716,2024-07-16,2020-08-10,715,12.042115,0.583333,1,114.23529411764706,3401.6200000000003,0.583333,-1,-1,23904,59.374951991406824,501.9012509433962,1
1731,2025-04-23,2023-07-28,33,32.794529,0.461538,0,189.72727272727272,2298.5600000000004,0.461538,34,156,21722,1.0062654048179807,500.284539179862,1
1735,2024-10-14,2023-06-30,847,34.398522,0.6,0,123.0625,4301.63,0.6,-1,-1,21722,24.623150959799958,500.284539179862,1
1736,2025-04-11,2022-10-12,413,10.543245,0.625,0,166.2,5019.83,0.625,1,-1,0,39.172000650653565,512.7524298282362,1
1737,2024-05-12,2022-12-03,67,53.245653,0.466667,0,172.53846153846155,3967.33,0.466667,-1,-1,21722,1.2583186837806273,501.9012509433962,1
1739,2025-02-23,2021-06-13,817,23.650846,0.875,0,141.6875,2724.62,0.875,23,148,23904,34.54421884105118,512.7524298282362,1
1740,2024-09-12,2023-11-06,769,35.3617,0.444444,0,130.33333333333334,1284.22,0.444444,-1,-1,21722,21.746692042520582,501.9012509433962,1
1741,2025-02-15,2021-02-22,513,51.725761,0.615385,0,133.57142857142858,1282.54,0.615385,223,139,23904,9.917688789537577,500.284539179862,1
1747,2024-10-18,2021-02-22,107,40.690339,0.75,0,145.9375,2810.1,0.75,-1,-1,21722,2.629616823787091,500.284539179862,1
1752,2024-04-30,2021-03-03,490,25.017862,0.4,0,135.0,861.12,0.4,-1,-1,21722,19.586006190297155,500.284539179862,1
1758,2024-09-24,2022-10-20,400,48.777094,0.7,0,144.6315789473684,2086.8100000000004,0.7,-1,49,21722,8.20057053829406,501.9012509433962,1
1760,2024-07-22,2021-03-17,720,14.07971,0.5,0,145.41666666666666,1978.1299999999999,0.5,-1,60,23904,51.13741689281952,501.9012509433962,1
1766,2024-04-24,2021-04-20,857,42.509791,0.727273,0,137.3846153846154,2202.12,0.727273,-1,-1,23904,20.160061478542673,501.9012509433962,1
1770,2024-07-16,2020-05-17,427,12.579091,0.2,0,144.38888888888889,3113.4399999999996,0.2,-1,66,23904,33.945219094130096,512.7524298282362,1
1771,2024-12-12,2021-08-18,422,29.237593,0.777778,0,115.7,2612.8199999999997,0.777778,63,-1,21722,14.433472687030017,500.284539179862,1
1778,2024-09-05,2020-12-21,768,59.791874,0.571429,0,171.69230769230768,1356.56,0.571429,59,-1,21722,12.844554763411496,500.284539179862,1
1784,2024-06-25,2020-12-11,788,16.752329,0.833333,1,184.57142857142858,5064.03,0.833333,-1,-1,23904,47.038235698451246,501.9012509433962,1
1788,2024-09-23,2023-08-23,709,20.80863,0.8,0,204.53333333333333,3564.79,0.8,-1,-1,23904,34.07240169102916,512.7524298282362,1
1796,2025-02-02,2024-04-11,903,17.035892,0.6,0,124.6,3508.53,0.6,-1,-1,23904,53.00573635944628,512.7524298282362,1
1797,2024-08-11,2022-04-12,518,26.140487,0.375,0,134.45,5300.99,0.375,-1,-1,23904,19.816004193035884,500.284539179862,1
1798,2024-10-23,2021-06-11,365,34.503304,0.9,1,156.13333333333333,2474.1,0.9,-1,-1,23904,10.578697043042602,500.284539179862,1
1800,2025-01-06,2023-06-24,459,50.32093,0.583333,0,165.4090909090909,4842.97,0.583333,-1,-1,23904,9.12145304150778,500.284539179862,1
1801,2024-04-26,2022-01-05,318,38.700167,0.458333,0,148.94117647058823,5497.49,0.458333,-1,-1,21722,8.21701880511265,501.9012509433962,1
1803,2024-10-28,2023-09-17,604,49.942476,0.555556,0,164.8095238095238,4061.77,0.555556,-1,-1,23904,12.093913805955475,512.7524298282362,1
1804,2024-07-31,2021-10-01,123,39.257338,0.777778,0,185.3846153846154,1531.4899999999998,0.777778,-1,-1,21722,3.1331721982779372,501.9012509433962,1
1805,2024-10-14,2022-04-17,735,39.903501,0.6,0,170.23076923076923,5058.849999999999,0.6,-1,128,21722,18.419436429901225,500.284539179862,1
1806,2025-03-01,2022-03-16,311,58.457938,0.4,0,99.3125,4584.8,0.4,-1,-1,23904,5.320064488076881,512.7524298282362,1
1809,2024-09-21,2023-11-06,408,28.384695,0.857143,0,152.2,3227.4299999999994,0.857143,-1,-1,21722,14.373943422679018,512.7524298282362,1
1811,2024-11-01,2021-09-27,503,6.839661,0.6,0,140.85,2961.09,0.6,-1,-1,23904,73.5416565236201,512.7524298282362,1
1812,2024-07-24,2023-03-28,577,17.737666,0.909091,0,164.26666666666668,1808.3400000000001,0.909091,-1,-1,23904,32.5296462341776,500.284539179862,1
1814,2024-06-26,2022-01-14,178,48.678526,0.666667,1,168.30769230769232,1462.82,0.666667,-1,-1,21722,3.6566431777330317,501.9012509433962,1
1817,2024-09-26,2020-10-21,424,14.656537,0.571429,1,165.1818181818182,2621.33,0.571429,-1,0,23904,28.92907103499278,512.7524298282362,1
1819,2025-02-01,2020-08-07,406,25.529906,0.769231,0,209.25,201.71,0.769231,-1,179,21722,15.902917934754637,512.7524298282362,1
1822,2025-04-13,2022-10-31,324,19.497811,0.583333,0,166.82608695652175,2079.46,0.583333,10,-1,23904,16.61725000821887,500.284539179862,1
1824,2024-11-07,2024-03-24,285,57.714138,0.333333,0,162.0,1656.81,0.333333,-1,97,21722,4.938131450564159,500.284539179862,1
1825,2025-01-26,2023-02-28,887,43.661622,0.4,0,147.8181818181818,2603.15,0.4,-1,-1,0,20.315324061941627,501.9012509433962,1
1827,2024-12-24,2020-11-14,435,22.818552,0.538462,0,132.71428571428572,3465.58,0.538462,-1,-1,0,19.06343575175147,501.9012509433962,1
1831,2024-08-19,2024-03-29,973,17.216394,0.714286,1,168.16666666666666,3728.87,0.714286,-1,-1,23904,56.515899903313084,501.9012509433962,1
1836,2024-06-07,2022-10-07,517,24.581082,0.555556,0,163.3,2348.81,0.555556,-1,41,23904,21.03243461780893,500.284539179862,1
1837,2024-10-12,2021-11-17,737,45.661135,0.588235,0,172.8,2485.94,0.588235,-1,-1,23904,16.140641269648683,512.7524298282362,1
1839,2024-07-10,2023-02-09,308,52.690726,0.538462,0,130.4375,2198.0,0.538462,-1,-1,23904,5.845430939782458,500.284539179862,1
1843,2024-12-04,2022-08-29,80,58.414203,0.571429,1,125.07142857142857,5607.419999999999,0.571429,-1,-1,23904,1.369529941202827,500.284539179862,1
1844,2024-05-24,2022-01-01,733,15.902941,0.571429,0,118.91666666666667,2084.6000000000004,0.571429,-1,-1,23904,46.09210334113671,500.284539179862,1
1845,2025-02-18,2021-12-12,418,57.523624,0.625,1,178.47619047619048,2055.0199999999995,0.625,-1,-1,21722,7.266579727313426,501.9012509433962,1
1853,2024-11-01,2020-12-04,471,50.007217,0.5,0,149.1818181818182,847.9,0.5,34,-1,21722,9.418640513428292,501.9012509433962,1
1857,2024-08-24,2023-12-22,122,14.029063,0.583333,0,123.73333333333333,1639.67,0.583333,-1,104,21722,8.69623295582891,512.7524298282362,1
1858,2024-05-13,2022-05-17,74,24.665416,0.538462,1,161.38888888888889,2512.1900000000005,0.538462,-1,-1,21722,3.000152115820791,500.284539179862,1
1862,2024-05-22,2023-02-27,71,10.044781,0.777778,1,147.65,2231.41,0.777778,-1,-1,21722,7.068347234250304,500.284539179862,1
1863,2025-03-04,2021-09-02,142,12.209688,0.5,0,189.84615384615384,2393.72,0.5,82,71,21722,11.630108811953262,512.7524298282362,1
1864,2025-04-18,2024-01-19,144,38.951289,0.533333,0,169.05,3123.56,0.533333,10,46,23904,3.696925151822318,500.284539179862,1
1868,2025-03-27,2023-06-25,733,39.709557,0.454545,0,159.28571428571428,3506.24,0.454545,-1,38,21722,18.459032418820488,500.284539179862,1
1870,2024-10-31,2023-05-04,398,34.194951,0.692308,0,149.33333333333334,2115.7500000000005,0.692308,-1,132,23904,11.639145205969148,500.284539179862,1
1873,2024-12-01,2023-08-29,779,42.731492,0.555556,0,153.53333333333333,1379.74,0.555556,-1,-1,23904,18.230114689185204,512.7524298282362,1
1875,2024-09-04,2020-10-07,595,25.275007,0.428571,0,195.86666666666667,5397.9,0.428571,-1,24,21722,23.541041947090264,501.9012509433962,1
1880,2024-10-04,2021-05-06,517,25.217097,0.545455,0,163.47619047619048,2159.9,0.545455,-1,-1,23904,20.501963409983315,512.7524298282362,1
1885,2025-04-12,2023-12-08,227,9.724987,0.714286,0,144.15384615384616,1322.1999999999998,0.714286,59,3,21722,23.341933516209327,500.284539179862,1
1886,2024-12-11,2022-03-06,834,49.489354,0.333333,0,160.8,526.6700000000001,0.333333,-1,156,21722,16.852109243535487,501.9012509433962,1
1888,2025-04-10,2022-04-04,631,44.045053,0.666667,0,121.28571428571429,4638.139999999999,0.666667,-1,158,21722,14.32623999794029,500.284539179862,1
1892,2025-01-16,2024-04-23,796,41.334767,0.666667,0,146.26666666666668,2684.0099999999998,0.666667,-1,-1,21722,19.257396564011113,501.9012509433962,1
1893,2024-05-22,2022-01-08,853,53.89226,0.636364,0,123.41666666666667,1277.84,0.636364,-1,-1,23904,15.827875839684586,501.9012509433962,1
1894,2024-10-16,2020-11-11,258,30.860005,0.5,1,169.5,3833.1499999999996,0.5,-1,105,21722,8.360335651274198,512.7524298282362,1
1896,2024-06-26,2021-06-30,396,31.786635,0.75,0,154.53846153846155,1107.73,0.75,-1,-1,21722,12.45806610230998,512.7524298282362,1
1897,2024-11-15,2024-04-17,306,38.297903,0.555556,1,164.8,3212.88,0.555556,-1,-1,23904,7.989993603566232,500.284539179862,1
1901,2024-09-16,2021-03-19,432,55.358971,0.5,0,179.33333333333334,2238.54,0.5,-1,-1,23904,7.803613257190059,512.7524298282362,1
1902,2025-01-03,2020-10-29,387,41.481937,0.444444,1,151.1764705882353,2535.5,0.444444,-1,-1,21722,9.329361837659606,500.284539179862,1
1904,2024-07-12,2022-04-12,360,17.813628,0.4,0,149.46153846153845,3545.23,0.4,-1,-1,23904,20.209246538661297,501.9012509433962,1
1912,2024-10-01,2023-05-10,610,57.01958,0.555556,1,209.33333333333334,1214.1100000000001,0.555556,-1,-1,21722,10.698079501813238,501.9012509433962,1
1913,2024-05-04,2021-04-11,517,21.507649,0.333333,0,172.8125,3925.08,0.333333,-1,-1,23904,24.03795970447537,501.9012509433962,1
1916,2024-12-02,2022-11-20,511,58.429227,0.555556,1,219.66666666666666,3160.3500000000004,0.555556,-1,97,21722,8.745623145074298,501.9012509433962,1
1919,2024-05-02,2020-11-05,818,12.975848,0.6,0,131.0,5169.36,0.6,-1,-1,23904,63.0401959085834,512.7524298282362,1
1920,2024-05-14,2024-03-26,852,45.904747,0.666667,0,174.30434782608697,485.02,0.666667,-1,2,21722,18.56017200138365,512.7524298282362,1
1921,2025-02-15,2022-11-12,677,23.238078,0.769231,0,184.5,4059.9300000000003,0.769231,-1,-1,23904,29.133218332428353,500.284539179862,1
1922,2024-08-21,2021-06-25,472,37.897399,0.222222,0,124.78571428571429,3281.58,0.222222,-1,-1,23904,12.454680596945453,512.7524298282362,1
1924,2024-09-08,2022-09-13,342,52.861428,0.583333,1,150.04761904761904,4965.61,0.583333,-1,-1,21722,6.469745766232422,501.9012509433962,1
1925,2024-08-02,2021-02-24,729,12.170361,0.666667,0,144.9090909090909,2521.16,0.666667,-1,-1,21722,59.89962006878843,500.284539179862,1
1926,2025-03-21,2023-06-15,882,39.586736,0.333333,0,195.14285714285714,943.72,0.333333,13,-1,23904,22.280190011118876,500.284539179862,1
1928,2024-09-08,2022-11-06,272,23.525317,0.888889,0,131.9090909090909,1079.77,0.888889,-1,-1,23904,11.562012108062135,501.9012509433962,1
1930,2024-10-17,2020-12-27,89,33.213085,0.8,1,158.21052631578948,2497.46,0.8,-1,-1,23904,2.679666763867313,500.284539179862,1
1935,2024-07-24,2020-12-17,843,8.824211,0.5,1,172.92857142857142,3904.84,0.5,-1,-1,21722,95.53262042351435,512.7524298282362,1
1948,2024-07-21,2024-02-29,607,31.32759,0.818182,0,125.16666666666667,1626.57,0.818182,-1,-1,23904,19.37589198530752,500.284539179862,1
1949,2024-11-27,2022-05-13,383,39.358309,0.666667,1,138.30769230769232,1270.06,0.666667,-1,-1,23904,9.731109128697577,500.284539179862,1
1956,2024-06-18,2023-08-14,875,20.8112,0.25,1,168.44444444444446,3791.9700000000003,0.25,-1,-1,21722,42.044668255554704,512.7524298282362,1
1960,2024-07-09,2020-12-01,574,39.360621,0.6,0,163.46153846153845,600.05,0.6,-1,25,21722,14.58310324931103,512.7524298282362,1
1966,2024-11-16,2022-10-15,920,21.856668,0.666667,0,162.78947368421052,1970.29,0.666667,-1,-1,0,42.092417746382935,501.9012509433962,1
1967,2025-03-24,2020-07-17,516,16.669211,0.909091,0,159.93333333333334,957.79,0.909091,50,121,23904,30.955274367815008,512.7524298282362,1
1971,2024-11-03,2020-04-30,196,26.884741,0.571429,0,163.0,1811.86,0.571429,-1,92,21722,7.290380814901657,512.7524298282362,1
1972,2025-01-05,2021-07-30,729,13.229326,0.375,1,176.34782608695653,2661.3800000000006,0.375,-1,-1,23904,55.104848123026066,500.284539179862,1
1976,2024-11-15,2022-06-08,32,9.582219,0.545455,0,142.33333333333334,838.6,0.545455,-1,10,21722,3.3395187482147923,501.9012509433962,1
1977,2024-05-01,2022-11-04,186,14.142727,0.714286,0,150.9090909090909,4923.0199999999995,0.714286,-1,-1,23904,13.151636173136906,512.7524298282362,1
1980,2024-06-20,2022-01-27,269,25.952547,0.428571,0,186.3684210526316,1346.1299999999999,0.428571,-1,-1,23904,10.365071297241077,500.284539179862,1
1981,2024-08-17,2022-03-12,143,9.163176,0.7,0,142.57142857142858,2874.25,0.7,-1,-1,23904,15.605942742996533,501.9012509433962,1
1988,2024-06-16,2020-07-27,476,38.906441,0.666667,0,133.3846153846154,0.0,0.0,-1,-1,23904,0.0,500.284539179862,1
1992,2024-12-18,2022-06-17,583,34.90485,0.9,0,161.2,4294.58,0.9,-1,-1,21722,16.702549932172747,501.9012509433962,1
1995,2024-04-25,2022-05-17,646,22.512742,0.714286,0,148.55,2141.2200000000003,0.714286,-1,-1,23904,28.69486089255587,512.7524298282362,1
1997,2024-06-25,2024-01-29,621,25.328908,0.666667,1,145.1578947368421,3463.42,0.666667,-1,-1,23904,24.517440704510438,512.7524298282362,1
1999,2024-10-23,2021-07-03,553,19.633734,0.555556,0,129.52631578947367,1994.4099999999999,0.555556,-1,-1,23904,28.165808908280002,500.284539179862,1
2000,2024-06-06,2023-09-04,880,38.622297,0.625,0,176.3,2104.13,0.625,-1,-1,23904,22.784766012233813,500.284539179862,1
2002,2025-04-15,2022-11-18,205,24.661012,0.625,0,161.93333333333334,448.55,0.625,267,133,21722,8.3127164448888,512.7524298282362,1
2004,2024-08-30,2020-12-27,435,34.342035,0.833333,0,163.08333333333334,1448.91,0.833333,-1,-1,23904,12.666692582428501,501.9012509433962,1
2008,2024-12-09,2022-01-20,51,7.994633,0.6,1,194.89473684210526,3355.5199999999995,0.6,-1,62,23904,6.379279699268246,501.9012509433962,1
2010,2025-03-23,2022-06-22,444,30.439797,0.4,0,150.86363636363637,3783.86,0.4,52,95,23904,14.586168232330854,501.9012509433962,1
2014,2024-09-16,2023-04-21,695,12.049909,0.333333,0,143.47619047619048,1720.19,0.333333,54,-1,23904,57.67678411513315,512.7524298282362,1
2018,2025-02-01,2023-07-04,668,39.921435,0.428571,0,157.55555555555554,1545.0900000000001,0.428571,152,54,23904,16.732865439331025,501.9012509433962,1
2023,2024-08-22,2020-10-06,369,26.065448,0.888889,0,142.07142857142858,2327.14,0.888889,-1,-1,21722,14.156672081753593,500.284539179862,1
2027,2025-04-11,2020-05-05,230,16.450026,0.333333,0,148.45,2903.24,0.333333,88,81,21722,13.981740819133051,501.9012509433962,1
2029,2024-08-22,2023-02-19,369,13.703763,0.6,0,165.86363636363637,2644.26,0.6,-1,-1,21722,26.92691051355748,500.284539179862,1
2034,2024-09-23,2023-09-20,957,12.108439,0.375,0,171.875,1158.3600000000001,0.375,-1,-1,23904,79.0357865287177,500.284539179862,1
2039,2025-01-10,2020-07-04,234,25.902067,0.666667,0,145.5,3356.9799999999996,0.666667,-1,260,21722,9.034028056525374,512.7524298282362,1
2040,2024-09-27,2021-10-31,875,46.969681,0.538462,0,120.66666666666667,2051.8199999999997,0.538462,-1,-1,23904,18.629038591937636,500.284539179862,1
2044,2024-06-07,2021-03-02,359,22.699923,0.25,1,179.26666666666668,3364.1200000000003,0.25,-1,-1,23904,15.815031619270252,512.7524298282362,1
2045,2024-08-30,2023-01-19,931,38.16151,0.666667,0,120.5,4271.040000000001,0.666667,-1,-1,21722,24.39630926554007,512.7524298282362,1
2046,2025-02-14,2022-09-30,122,48.878015,0.466667,0,119.71428571428571,3539.16,0.466667,-1,-1,23904,2.4960097090685864,512.7524298282362,1
2047,2024-10-27,2021-12-18,198,36.698937,0.666667,0,165.0,3222.01,0.666667,-1,-1,21722,5.395251639032487,501.9012509433962,1
2048,2024-08-07,2022-05-15,162,58.035893,0.461538,0,97.5,951.68,0.461538,80,-1,23904,2.7913760196642445,501.9012509433962,1
